20161014       927   42.8085    13.2121      6.630   0.0    0.00    0.00   0.00          1
20161014     15017   42.7388    13.1928      5.580   0.0    0.00    0.00   0.00          2
20161014     23736   42.6557    13.2774     11.410   0.0    0.00    0.00   0.00          3
20161014     31980   42.8167    13.1517      5.750   0.0    0.00    0.00   0.00          4
20161014     34283   42.8154    13.2097      4.950   0.0    0.00    0.00   0.00          5
20161014     42580   42.5802    13.2774     12.430   0.0    0.00    0.00   0.00          6
20161014     45308   42.8967    13.2404      6.910   0.0    0.00    0.00   0.00          7
20161014     51763   42.7321    13.1600      1.390   0.0    0.00    0.00   0.00          8
20161014     55636   42.7231    13.1857      4.820   0.0    0.00    0.00   0.00          9
20161014     80011   42.6475    13.2308      8.940   0.0    0.00    0.00   0.00         10
20161014     83060   42.7712    13.1763      6.830   0.0    0.00    0.00   0.00         11
20161014     90296   42.6819    13.3159     11.540   0.0    0.00    0.00   0.00         12
20161014    102395   42.7512    13.1862      5.140   0.0    0.00    0.00   0.00         13
20161014    121002   42.7406    13.1896      4.040   0.0    0.00    0.00   0.00         14
20161014    144340   42.8203    13.3452     15.190   0.0    0.00    0.00   0.00         15
20161014    171036   42.8574    13.1574      4.080   0.0    0.00    0.00   0.00         16
20161014    195020   42.8203    13.3421     15.600   0.0    0.00    0.00   0.00         17
20161014    204154   42.8674    13.0811      4.770   0.0    0.00    0.00   0.00         18
20161014    213671   42.8741    13.0765      3.310   0.0    0.00    0.00   0.00         19
20161014    214713   42.8492    13.1662      4.610   0.0    0.00    0.00   0.00         20
20161014    220434   42.8936    13.2333      3.460   0.0    0.00    0.00   0.00         21
20161014    252903   42.8353    13.1583      8.310   0.0    0.00    0.00   0.00         22
20161014    255683   42.8680    13.0806      4.640   0.0    0.00    0.00   0.00         23
20161014    264370   42.8656    13.2409      5.430   0.0    0.00    0.00   0.00         24
20161014    282532   42.7449    13.1878      4.950   0.0    0.00    0.00   0.00         25
20161014    292965   42.8975    13.2428      4.830   0.0    0.00    0.00   0.00         26
20161014    324621   42.7380    13.1906      6.310   0.0    0.00    0.00   0.00         27
20161014    332704   42.7435    13.1889      4.930   0.0    0.00    0.00   0.00         28
20161014    362177   42.7620    13.2273      9.430   0.0    0.00    0.00   0.00         29
20161014    372082   42.7418    13.1964      5.640   0.0    0.00    0.00   0.00         30
20161014    383354   42.8961    13.2452      5.110   0.0    0.00    0.00   0.00         31
20161014    402856   42.8974    13.2448      4.900   0.0    0.00    0.00   0.00         32
20161014    412703   42.8776    13.2429      5.840   0.0    0.00    0.00   0.00         33
20161014    414938   42.8748    13.0844      1.750   0.0    0.00    0.00   0.00         34
20161014    420131   42.6658    13.2780     10.540   0.0    0.00    0.00   0.00         35
20161014    421933   42.7760    13.1822      7.200   0.0    0.00    0.00   0.00         36
20161014    432135   42.8714    13.0745      4.970   0.0    0.00    0.00   0.00         37
20161014    433594   42.7790    13.2530      5.830   0.0    0.00    0.00   0.00         38
20161014    444918   42.7442    13.1847      6.140   0.0    0.00    0.00   0.00         39
20161014    462590   42.9228    13.1526      7.890   0.0    0.00    0.00   0.00         40
20161014    485570   42.8654    13.1461      2.720   0.0    0.00    0.00   0.00         41
20161014    500916   42.7500    13.1850      4.490   0.0    0.00    0.00   0.00         42
20161014    510940   42.8215    13.3433     16.830   0.0    0.00    0.00   0.00         43
20161014    532737   42.6914    13.1722      9.240   0.0    0.00    0.00   0.00         44
20161014    575904   42.6582    13.2060      9.440   0.0    0.00    0.00   0.00         45
20161014    591111   42.8027    13.1396      9.900   0.0    0.00    0.00   0.00         46
20161014    594162   42.7386    13.1746      4.970   0.0    0.00    0.00   0.00         47
20161014   1022062   42.8431    13.1198      6.310   0.0    0.00    0.00   0.00         48
20161014   1024009   42.6664    13.2144     10.620   0.0    0.00    0.00   0.00         49
20161014   1030713   42.8091    13.1421     12.100   0.0    0.00    0.00   0.00         50
20161014   1053529   42.9475    12.8817      7.640   0.0    0.00    0.00   0.00         51
20161014   1090161   42.7492    13.1872      4.570   0.0    0.00    0.00   0.00         52
20161014   1131235   42.8302    13.1898      2.440   0.0    0.00    0.00   0.00         53
20161014   1153874   42.9062    13.2479      4.300   0.0    0.00    0.00   0.00         54
20161014   1163980   42.8625    13.0770      4.450   0.0    0.00    0.00   0.00         55
20161014   1191773   42.8801    13.1958      4.100   0.0    0.00    0.00   0.00         56
20161014   1201529   42.7393    13.1871      6.120   0.0    0.00    0.00   0.00         57
20161014   1204145   42.8140    13.2024      7.510   0.0    0.00    0.00   0.00         58
20161014   1210258   42.7395    13.1901      6.030   0.0    0.00    0.00   0.00         59
20161014   1223301   42.8578    13.2448      7.090   0.0    0.00    0.00   0.00         60
20161014   1223907   42.5978    13.3263      5.540   0.0    0.00    0.00   0.00         61
20161014   1250033   42.7627    13.2099      7.470   0.0    0.00    0.00   0.00         62
20161014   1255145   42.7414    13.1984      6.280   0.0    0.00    0.00   0.00         63
20161014   1270419   42.7723    13.1992      4.410   0.0    0.00    0.00   0.00         64
20161014   1292550   42.8483    13.1615      6.060   0.0    0.00    0.00   0.00         65
20161014   1305494   42.7831    13.1494     -0.070   0.0    0.00    0.00   0.00         66
20161014   1314077   42.8580    13.2530      5.210   0.0    0.00    0.00   0.00         67
20161014   1333691   42.8815    13.2419      5.500   0.0    0.00    0.00   0.00         68
20161014   1354962   42.7798    13.2195      5.150   0.0    0.00    0.00   0.00         69
20161014   1363476   42.9044    13.2412      3.670   0.0    0.00    0.00   0.00         70
20161014   1365720   42.8189    13.1855      6.860   0.0    0.00    0.00   0.00         71
20161014   1372262   42.8755    13.0658      7.760   0.0    0.00    0.00   0.00         72
20161014   1400390   42.8552    13.2559      4.310   0.0    0.00    0.00   0.00         73
20161014   1405394   42.8153    13.1376      5.860   0.0    0.00    0.00   0.00         74
20161014   1455757   42.8463    12.9922      7.920   0.0    0.00    0.00   0.00         75
20161014   1463294   42.8922    13.2400      5.400   0.0    0.00    0.00   0.00         76
20161014   1504426   42.7424    13.1747      5.280   0.0    0.00    0.00   0.00         77
20161014   1510895   42.8960    13.2363      4.910   0.0    0.00    0.00   0.00         78
20161014   1521493   42.7678    13.1388     10.260   0.0    0.00    0.00   0.00         79
20161014   1523459   42.8912    13.2457      6.870   0.0    0.00    0.00   0.00         80
20161014   1550688   42.8201    13.2103      4.520   0.0    0.00    0.00   0.00         81
20161014   1555765   42.9006    13.2425      4.410   0.0    0.00    0.00   0.00         82
20161014   1561386   42.8473    13.2501     14.040   0.0    0.00    0.00   0.00         83
20161014   2011654   42.6224    13.2590     12.230   0.0    0.00    0.00   0.00         84
20161014   2015105   43.0207    12.9805      9.720   0.0    0.00    0.00   0.00         85
20161014   2021594   42.8697    13.2398      4.390   0.0    0.00    0.00   0.00         86
20161014   2031089   42.6549    13.2824      6.710   0.0    0.00    0.00   0.00         87
20161014   2042449   42.8995    13.2442      4.120   0.0    0.00    0.00   0.00         88
20161014   2052163   42.9243    13.0746      8.870   0.0    0.00    0.00   0.00         89
20161014   2075731   42.8285    13.2390      6.250   0.0    0.00    0.00   0.00         90
20161014   2101434   42.8935    13.2319      2.710   0.0    0.00    0.00   0.00         91
20161014   2112731   42.5463    13.2359     -0.010   0.0    0.00    0.00   0.00         92
20161014   2134700   42.6460    13.3321      9.630   0.0    0.00    0.00   0.00         93
20161014   2181875   42.5596    13.2895      5.950   0.0    0.00    0.00   0.00         94
20161014   2193609   42.7398    13.1871      4.780   0.0    0.00    0.00   0.00         95
20161014   2211789   42.7442    13.2139      5.430   0.0    0.00    0.00   0.00         96
20161014   2284938   42.6471    13.2381      9.900   0.0    0.00    0.00   0.00         97
20161014   2304686   42.8035    13.2084      5.900   0.0    0.00    0.00   0.00         98
20161014   2314654   42.7468    13.1767      5.450   0.0    0.00    0.00   0.00         99
20161014   2331735   42.8982    13.2474      4.740   0.0    0.00    0.00   0.00        100
20161014   2360608   42.5609    13.2884      6.130   0.0    0.00    0.00   0.00        101
20161014   2403764   42.8428    13.2151     -0.010   0.0    0.00    0.00   0.00        102
20161014   2433810   42.7670    13.1382      8.960   0.0    0.00    0.00   0.00        103
20161014   2442405   42.8860    13.2494      4.130   0.0    0.00    0.00   0.00        104
20161014   2461809   42.7895    13.2190      6.110   0.0    0.00    0.00   0.00        105
20161014   2463214   42.7396    13.1882      5.370   0.0    0.00    0.00   0.00        106
20161014   2542400   42.7419    13.1848      5.960   0.0    0.00    0.00   0.00        107
20161014   2562265   42.8760    13.2414      2.550   0.0    0.00    0.00   0.00        108
20161014   3000044   42.5867    13.3594      8.700   0.0    0.00    0.00   0.00        109
20161014   3005350   42.8121    13.0686      4.740   0.0    0.00    0.00   0.00        110
20161014   3015538   42.7472    13.1824      4.920   0.0    0.00    0.00   0.00        111
20161014   3022693   42.8863    13.1448      4.400   0.0    0.00    0.00   0.00        112
20161014   3035506   42.8613    13.0944      5.320   0.0    0.00    0.00   0.00        113
20161014   3041484   42.8556    13.1551      6.840   0.0    0.00    0.00   0.00        114
20161014   3064286   42.8338    13.1579      8.890   0.0    0.00    0.00   0.00        115
20161014   3093237   42.7846    13.1161      4.840   0.0    0.00    0.00   0.00        116
20161014   3110322   42.6621    13.1681      8.760   0.0    0.00    0.00   0.00        117
20161014   3124776   42.8350    13.1589      8.380   0.0    0.00    0.00   0.00        118
20161014   3134749   42.7082    13.1763      9.190   0.0    0.00    0.00   0.00        119
20161014   3154793   42.8120    13.2143      6.240   0.0    0.00    0.00   0.00        120
20161014   3172587   42.8723    13.0798      3.490   0.0    0.00    0.00   0.00        121
20161014   3185289   42.8690    13.2284      4.050   0.0    0.00    0.00   0.00        122
20161014   3201714   42.8643    13.2262     -0.030   0.0    0.00    0.00   0.00        123
20161014   3210281   42.8146    13.2136      5.010   0.0    0.00    0.00   0.00        124
20161014   3253427   42.8507    13.0776      5.380   0.0    0.00    0.00   0.00        125
20161014   3294744   42.8017    13.2465      5.330   0.0    0.00    0.00   0.00        126
20161014   3313341   42.6717    13.1781     11.020   0.0    0.00    0.00   0.00        127
20161014   3352585   42.8754    13.0786      4.750   0.0    0.00    0.00   0.00        128
20161014   3360425   42.8382    13.2994      2.940   0.0    0.00    0.00   0.00        129
20161014   3364809   42.7523    13.2601     12.870   0.0    0.00    0.00   0.00        130
20161014   3373667   42.9245    13.1828      5.850   0.0    0.00    0.00   0.00        131
20161014   3382711   42.8155    13.1809      8.320   0.0    0.00    0.00   0.00        132
20161014   3385762   42.8949    13.2398      4.770   0.0    0.00    0.00   0.00        133
20161014   3400210   42.7846    13.1507      4.590   0.0    0.00    0.00   0.00        134
20161014   3412800   42.7488    13.2141      7.060   0.0    0.00    0.00   0.00        135
20161014   3423711   42.7437    13.1492     10.580   0.0    0.00    0.00   0.00        136
20161014   3430053   42.8730    13.0732      5.170   0.0    0.00    0.00   0.00        137
20161014   3444888   42.8993    13.2628      5.940   0.0    0.00    0.00   0.00        138
20161014   3482206   42.7408    13.1760      9.140   0.0    0.00    0.00   0.00        139
20161014   3503239   42.7994    13.2320      3.170   0.0    0.00    0.00   0.00        140
20161014   3510055   42.7430    13.1741      8.370   0.0    0.00    0.00   0.00        141
20161014   3543401   42.5856    13.3591      6.760   0.0    0.00    0.00   0.00        142
20161014   3565697   42.8207    13.2150      4.650   0.0    0.00    0.00   0.00        143
20161014   4012284   42.7419    13.1857      5.400   0.0    0.00    0.00   0.00        144
20161014   4033051   42.8983    13.2213      4.100   0.0    0.00    0.00   0.00        145
20161014   4065712   42.8081    13.2440      3.540   0.0    0.00    0.00   0.00        146
20161014   4071473   42.8746    13.0715      5.970   0.0    0.00    0.00   0.00        147
20161014   4080551   42.8285    13.0999      5.920   0.0    0.00    0.00   0.00        148
20161014   4092039   42.6366    13.3063      3.740   0.0    0.00    0.00   0.00        149
20161014   4115514   42.6417    13.3368      9.150   0.0    0.00    0.00   0.00        150
20161014   4123403   42.6409    13.3391      9.020   0.0    0.00    0.00   0.00        151
20161014   4140533   42.6470    13.3353      9.560   0.0    0.00    0.00   0.00        152
20161014   4143001   42.6420    13.3219      9.090   0.0    0.00    0.00   0.00        153
20161014   4150130   42.6513    13.3396      8.280   0.0    0.00    0.00   0.00        154
20161014   4151871   42.6474    13.3405      8.240   0.0    0.00    0.00   0.00        155
20161014   4164583   42.8175    13.1577     10.660   0.0    0.00    0.00   0.00        156
20161014   4172883   42.8670    13.2372      5.110   0.0    0.00    0.00   0.00        157
20161014   4182742   42.6461    13.3294      9.590   0.0    0.00    0.00   0.00        158
20161014   4184409   42.6513    13.3280      9.730   0.0    0.00    0.00   0.00        159
20161014   4192150   42.6423    13.3337      8.580   0.0    0.00    0.00   0.00        160
20161014   4194620   42.7612    13.1353      3.390   0.0    0.00    0.00   0.00        161
20161014   4211159   42.6464    13.3374      8.690   0.0    0.00    0.00   0.00        162
20161014   4214273   42.7034    13.3405     10.870   0.0    0.00    0.00   0.00        163
20161014   4214833   42.8594    13.2649      6.920   0.0    0.00    0.00   0.00        164
20161014   4242404   42.6488    13.3389      8.700   0.0    0.00    0.00   0.00        165
20161014   4250505   42.6443    13.3251     10.880   0.0    0.00    0.00   0.00        166
20161014   4254064   42.9203    13.1852      6.760   0.0    0.00    0.00   0.00        167
20161014   4270082   42.6523    13.3387      9.860   0.0    0.00    0.00   0.00        168
20161014   4282807   42.6440    13.3323      9.210   0.0    0.00    0.00   0.00        169
20161014   4291365   42.6503    13.3335      9.870   0.0    0.00    0.00   0.00        170
20161014   4320285   42.7305    13.2514      5.210   0.0    0.00    0.00   0.00        171
20161014   4331007   42.6443    13.3274     10.090   0.0    0.00    0.00   0.00        172
20161014   4341327   42.6493    13.3289      9.780   0.0    0.00    0.00   0.00        173
20161014   4352750   42.6942    13.1957      9.510   0.0    0.00    0.00   0.00        174
20161014   4362554   42.6511    13.3374      9.040   0.0    0.00    0.00   0.00        175
20161014   4401882   42.8723    13.0827      4.300   0.0    0.00    0.00   0.00        176
20161014   4404792   42.8558    13.1461      1.810   0.0    0.00    0.00   0.00        177
20161014   4431639   42.6482    13.3300      8.770   0.0    0.00    0.00   0.00        178
20161014   4441032   42.8087    13.1625      2.480   0.0    0.00    0.00   0.00        179
20161014   4445560   42.8842    13.1372      4.380   0.0    0.00    0.00   0.00        180
20161014   4451854   42.7393    13.1896      6.010   0.0    0.00    0.00   0.00        181
20161014   4454216   42.7568    13.1676      9.690   0.0    0.00    0.00   0.00        182
20161014   4500200   42.7230    13.1547      4.740   0.0    0.00    0.00   0.00        183
20161014   4505211   42.5674    13.2909      6.440   0.0    0.00    0.00   0.00        184
20161014   4512562   42.6471    13.3329      8.790   0.0    0.00    0.00   0.00        185
20161014   4514642   42.7765    13.1504      5.090   0.0    0.00    0.00   0.00        186
20161014   4540391   42.6459    13.3266      9.690   0.0    0.00    0.00   0.00        187
20161014   4544418   42.6499    13.3442      8.380   0.0    0.00    0.00   0.00        188
20161014   4552222   42.8733    13.0751      6.440   0.0    0.00    0.00   0.00        189
20161014   4560548   42.6483    13.3347      8.530   0.0    0.00    0.00   0.00        190
20161014   4595786   42.6509    13.3346      9.480   0.0    0.00    0.00   0.00        191
20161014   5003599   42.7970    13.2367      9.930   0.0    0.00    0.00   0.00        192
20161014   5051149   42.6460    13.3304      9.930   0.0    0.00    0.00   0.00        193
20161014   5084819   42.6454    13.3291     10.130   0.0    0.00    0.00   0.00        194
20161014   5103951   42.6431    13.3350      8.250   0.0    0.00    0.00   0.00        195
20161014   5125063   42.6473    13.3289     10.210   0.0    0.00    0.00   0.00        196
20161014   5150435   42.6415    13.3425      8.550   0.0    0.00    0.00   0.00        197
20161014   5155472   42.8708    13.1142      4.700   0.0    0.00    0.00   0.00        198
20161014   5160171   42.6501    13.3302      9.850   0.0    0.00    0.00   0.00        199
20161014   5161554   42.8657    12.9882      5.880   0.0    0.00    0.00   0.00        200
20161014   5174151   42.8356    13.1603      6.850   0.0    0.00    0.00   0.00        201
20161014   5210279   42.7542    13.2094      8.690   0.0    0.00    0.00   0.00        202
20161014   5211967   42.6487    13.3297      9.320   0.0    0.00    0.00   0.00        203
20161014   5223209   42.6442    13.3327      9.390   0.0    0.00    0.00   0.00        204
20161014   5225373   42.8707    13.0819      5.330   0.0    0.00    0.00   0.00        205
20161014   5272511   42.7686    13.1322      4.920   0.0    0.00    0.00   0.00        206
20161014   5292463   42.8677    13.0820      4.760   0.0    0.00    0.00   0.00        207
20161014   5305654   42.7555    13.1785      5.950   0.0    0.00    0.00   0.00        208
20161014   5361285   42.8690    13.0856      6.380   0.0    0.00    0.00   0.00        209
20161014   5374437   42.7014    13.1192     12.750   0.0    0.00    0.00   0.00        210
20161014   5385304   42.8760    13.0666      6.290   0.0    0.00    0.00   0.00        211
20161014   5413903   42.8663    13.0934      5.620   0.0    0.00    0.00   0.00        212
20161014   5430852   42.8575    13.0982      9.520   0.0    0.00    0.00   0.00        213
20161014   5434191   42.7151    13.1591      4.320   0.0    0.00    0.00   0.00        214
20161014   5460434   42.6433    13.3402      8.840   0.0    0.00    0.00   0.00        215
20161014   5501880   42.6528    13.3305     10.690   0.0    0.00    0.00   0.00        216
20161014   5503876   42.4673    13.3693     11.330   0.0    0.00    0.00   0.00        217
20161014   5504851   42.7465    13.2312     10.500   0.0    0.00    0.00   0.00        218
20161014   5515210   42.8222    13.3525     15.340   0.0    0.00    0.00   0.00        219
20161014   5521896   42.6255    13.2245     10.320   0.0    0.00    0.00   0.00        220
20161014   5541137   42.7448    13.1939      5.090   0.0    0.00    0.00   0.00        221
20161014   5560852   42.7386    13.1889      5.870   0.0    0.00    0.00   0.00        222
20161014   5583410   42.8730    13.0693      5.120   0.0    0.00    0.00   0.00        223
20161014   5595629   42.6454    13.3382      8.490   0.0    0.00    0.00   0.00        224
20161014   6020447   42.7381    13.1912      6.010   0.0    0.00    0.00   0.00        225
20161014   6060871   42.5922    13.3045      6.080   0.0    0.00    0.00   0.00        226
20161014   6080946   42.6434    13.3288      9.260   0.0    0.00    0.00   0.00        227
20161014   6091192   42.6450    13.3317      9.970   0.0    0.00    0.00   0.00        228
20161014   6095724   42.7596    13.2334      9.650   0.0    0.00    0.00   0.00        229
20161014   6142350   42.6481    13.3253      9.660   0.0    0.00    0.00   0.00        230
20161014   6195908   42.8064    13.1586      7.930   0.0    0.00    0.00   0.00        231
20161014   6215584   42.7430    13.1806      6.340   0.0    0.00    0.00   0.00        232
20161014   6235212   42.7432    13.1686      9.340   0.0    0.00    0.00   0.00        233
20161014   6254422   42.6485    13.3359      9.560   0.0    0.00    0.00   0.00        234
20161014   6262200   42.6621    13.3399      6.050   0.0    0.00    0.00   0.00        235
20161014   6273889   42.7400    13.1921      5.220   0.0    0.00    0.00   0.00        236
20161014   6280403   42.7391    13.1940      5.070   0.0    0.00    0.00   0.00        237
20161014   6304445   42.7431    13.1770     10.280   0.0    0.00    0.00   0.00        238
20161014   6315212   42.6817    13.1900      9.750   0.0    0.00    0.00   0.00        239
20161014   6325303   42.6510    13.3327      8.930   0.0    0.00    0.00   0.00        240
20161014   6334134   42.8944    13.2471      4.910   0.0    0.00    0.00   0.00        241
20161014   6372457   42.8753    13.2186     -0.010   0.0    0.00    0.00   0.00        242
20161014   6401804   42.9409    13.2612      6.020   0.0    0.00    0.00   0.00        243
20161014   6434532   42.7491    13.1868      5.190   0.0    0.00    0.00   0.00        244
20161014   6485014   42.7352    13.1949      5.010   0.0    0.00    0.00   0.00        245
20161014   6552132   42.9653    13.1665      5.220   0.0    0.00    0.00   0.00        246
20161014   6553003   42.6474    13.3340      9.610   0.0    0.00    0.00   0.00        247
20161014   6573343   42.8715    13.0860      4.200   0.0    0.00    0.00   0.00        248
20161014   7021454   42.6510    13.3346      8.640   0.0    0.00    0.00   0.00        249
20161014   7042769   42.7388    13.1970      5.630   0.0    0.00    0.00   0.00        250
20161014   7052466   42.8642    13.2433      5.780   0.0    0.00    0.00   0.00        251
20161014   7053501   42.8167    13.2123      5.900   0.0    0.00    0.00   0.00        252
20161014   7160561   42.8201    13.2330      3.540   0.0    0.00    0.00   0.00        253
20161014   7183632   42.8958    13.2341      4.860   0.0    0.00    0.00   0.00        254
20161014   7204875   42.6515    13.3387      8.750   0.0    0.00    0.00   0.00        255
20161014   7321849   42.6381    13.3393      7.600   0.0    0.00    0.00   0.00        256
20161014   7335592   42.7987    13.1655     10.450   0.0    0.00    0.00   0.00        257
20161014   7420931   42.8788    13.2212      4.370   0.0    0.00    0.00   0.00        258
20161014   7430067   42.8360    13.1627      6.480   0.0    0.00    0.00   0.00        259
20161014   7484793   42.6127    13.2225      9.110   0.0    0.00    0.00   0.00        260
20161014   8015474   42.7548    13.1823      6.430   0.0    0.00    0.00   0.00        261
20161014   8062946   42.8652    13.0848      4.900   0.0    0.00    0.00   0.00        262
20161014   8073772   42.7680    13.2446      5.090   0.0    0.00    0.00   0.00        263
20161014   8082958   42.6635    13.2098      8.910   0.0    0.00    0.00   0.00        264
20161014   8094531   42.6161    13.2872      6.990   0.0    0.00    0.00   0.00        265
20161014   8114137   42.8108    13.2122      5.950   0.0    0.00    0.00   0.00        266
20161014   8122480   42.8717    13.0845      3.530   0.0    0.00    0.00   0.00        267
20161014   8170362   42.8048    13.0807      7.730   0.0    0.00    0.00   0.00        268
20161014   8183267   42.6431    13.3371      9.250   0.0    0.00    0.00   0.00        269
20161014   8201900   42.6478    13.3313      9.520   0.0    0.00    0.00   0.00        270
20161014   8221343   42.8893    13.2506      5.990   0.0    0.00    0.00   0.00        271
20161014   8221932   42.6532    13.3370      8.250   0.0    0.00    0.00   0.00        272
20161014   8231301   42.6495    13.3321      8.970   0.0    0.00    0.00   0.00        273
20161014   8262081   42.6485    13.3308     10.370   0.0    0.00    0.00   0.00        274
20161014   8271895   42.8691    13.0811      4.790   0.0    0.00    0.00   0.00        275
20161014   8292569   42.6406    13.2225      8.790   0.0    0.00    0.00   0.00        276
20161014   8324089   42.8096    13.0815      7.690   0.0    0.00    0.00   0.00        277
20161014   8335125   42.7640    13.1353      9.420   0.0    0.00    0.00   0.00        278
20161014   8343932   42.8077    13.0817      6.890   0.0    0.00    0.00   0.00        279
20161014   8445176   42.7982    13.1619      6.250   0.0    0.00    0.00   0.00        280
20161014   8454848   42.8766    13.0747      3.560   0.0    0.00    0.00   0.00        281
20161014   8532704   42.6284    13.3157      5.060   0.0    0.00    0.00   0.00        282
20161014   8543685   42.8617    13.1514      6.200   0.0    0.00    0.00   0.00        283
20161014   8550693   42.7400    13.1911      5.170   0.0    0.00    0.00   0.00        284
20161014   8554878   42.8696    13.0730      4.840   0.0    0.00    0.00   0.00        285
20161014   8561081   42.8700    13.0791      4.010   0.0    0.00    0.00   0.00        286
20161014   8585248   42.8727    13.0750      4.410   0.0    0.00    0.00   0.00        287
20161014   9010137   42.8710    13.0689      5.750   0.0    0.00    0.00   0.00        288
20161014   9012180   42.7839    13.1462      4.280   0.0    0.00    0.00   0.00        289
20161014   9014256   42.6475    13.3307      9.710   0.0    0.00    0.00   0.00        290
20161014   9033382   42.6206    13.3154      5.970   0.0    0.00    0.00   0.00        291
20161014   9042382   42.8704    13.0754      4.660   0.0    0.00    0.00   0.00        292
20161014   9083579   42.8654    13.2404      4.220   0.0    0.00    0.00   0.00        293
20161014   9094113   42.7793    13.2083      6.300   0.0    0.00    0.00   0.00        294
20161014   9105422   42.6396    13.3320      9.130   0.0    0.00    0.00   0.00        295
20161014   9112927   42.6441    13.3192      9.040   0.0    0.00    0.00   0.00        296
20161014   9133124   42.7624    13.2468     12.350   0.0    0.00    0.00   0.00        297
20161014   9164566   42.6442    13.3195     10.630   0.0    0.00    0.00   0.00        298
20161014   9174934   42.8679    13.0714      4.910   0.0    0.00    0.00   0.00        299
20161014   9181836   42.6480    13.3294      9.710   0.0    0.00    0.00   0.00        300
20161014   9184744   42.4510    13.2591      9.700   0.0    0.00    0.00   0.00        301
20161014   9215190   42.4631    13.0566     10.500   0.0    0.00    0.00   0.00        302
20161014   9233940   42.8069    13.0799      7.320   0.0    0.00    0.00   0.00        303
20161014   9235796   42.4733    13.0672     11.130   0.0    0.00    0.00   0.00        304
20161014   9245132   42.7952    13.1237      3.850   0.0    0.00    0.00   0.00        305
20161014   9273412   42.7932    13.1453      6.840   0.0    0.00    0.00   0.00        306
20161014   9285560   42.5692    13.2956      5.980   0.0    0.00    0.00   0.00        307
20161014   9364426   42.7300    13.2942      8.760   0.0    0.00    0.00   0.00        308
20161014   9371877   42.8744    13.0793      5.670   0.0    0.00    0.00   0.00        309
20161014   9395278   42.8902    13.2531      5.070   0.0    0.00    0.00   0.00        310
20161014   9415560   42.8555    13.2235     -0.010   0.0    0.00    0.00   0.00        311
20161014   9434671   42.7868    13.1868      9.230   0.0    0.00    0.00   0.00        312
20161014   9483000   42.8839    13.2487      4.080   0.0    0.00    0.00   0.00        313
20161014   9540779   42.6425    13.3274      9.190   0.0    0.00    0.00   0.00        314
20161014   9544694   42.7410    13.2627     10.210   0.0    0.00    0.00   0.00        315
20161014   9560275   42.8671    13.0810      5.150   0.0    0.00    0.00   0.00        316
20161014  10051542   42.8544    13.2333      7.470   0.0    0.00    0.00   0.00        317
20161014  10073079   42.6693    13.2378      8.980   0.0    0.00    0.00   0.00        318
20161014  10113033   42.6506    13.3361      9.200   0.0    0.00    0.00   0.00        319
20161014  10115493   42.8821    13.1241      3.370   0.0    0.00    0.00   0.00        320
20161014  10130089   42.6392    13.3336      9.450   0.0    0.00    0.00   0.00        321
20161014  10135215   42.8941    13.2342      1.990   0.0    0.00    0.00   0.00        322
20161014  10144064   42.6371    13.3297      9.830   0.0    0.00    0.00   0.00        323
20161014  10173218   42.8789    13.2316      3.540   0.0    0.00    0.00   0.00        324
20161014  10242277   42.8906    13.2511      4.950   0.0    0.00    0.00   0.00        325
20161014  10260291   42.8743    13.0742      5.570   0.0    0.00    0.00   0.00        326
20161014  10360684   42.8538    13.2604      6.100   0.0    0.00    0.00   0.00        327
20161014  10385008   42.8748    13.1725      3.590   0.0    0.00    0.00   0.00        328
20161014  10403507   42.6188    13.2894      6.780   0.0    0.00    0.00   0.00        329
20161014  10413888   42.6491    13.3307     10.070   0.0    0.00    0.00   0.00        330
20161014  10494077   42.6476    13.3327      9.100   0.0    0.00    0.00   0.00        331
20161014  10545782   42.6478    13.3412      8.930   0.0    0.00    0.00   0.00        332
20161014  10565066   42.8208    13.1784      4.090   0.0    0.00    0.00   0.00        333
20161014  10590907   42.8229    13.1872      4.000   0.0    0.00    0.00   0.00        334
20161014  11004740   42.8195    13.1749      4.340   0.0    0.00    0.00   0.00        335
20161014  11030351   42.8192    13.1893      4.150   0.0    0.00    0.00   0.00        336
20161014  11032347   42.8227    13.1829      5.250   0.0    0.00    0.00   0.00        337
20161014  11044798   42.8187    13.1826      4.950   0.0    0.00    0.00   0.00        338
20161014  11060071   42.7364    13.1955      5.070   0.0    0.00    0.00   0.00        339
20161014  11063708   42.6220    13.3346      8.850   0.0    0.00    0.00   0.00        340
20161014  11073931   42.7403    13.1924      4.960   0.0    0.00    0.00   0.00        341
20161014  11074499   42.8724    13.0812      3.710   0.0    0.00    0.00   0.00        342
20161014  11103592   42.8747    13.0771      0.580   0.0    0.00    0.00   0.00        343
20161014  11114431   42.8196    13.1865      4.970   0.0    0.00    0.00   0.00        344
20161014  11121900   42.8178    13.1877      4.630   0.0    0.00    0.00   0.00        345
20161014  11130170   42.8242    13.1966      3.670   0.0    0.00    0.00   0.00        346
20161014  11140580   42.8193    13.1824      5.120   0.0    0.00    0.00   0.00        347
20161014  11182736   42.9133    13.2754      8.470   0.0    0.00    0.00   0.00        348
20161014  11183526   42.6500    13.3331      9.860   0.0    0.00    0.00   0.00        349
20161014  11201317   42.8595    13.0875      4.490   0.0    0.00    0.00   0.00        350
20161014  11290466   42.7704    13.1571      3.950   0.0    0.00    0.00   0.00        351
20161014  11322353   42.8805    13.1470      5.060   0.0    0.00    0.00   0.00        352
20161014  11330781   42.8058    12.9842      5.270   0.0    0.00    0.00   0.00        353
20161014  11432540   42.7883    13.1192      4.330   0.0    0.00    0.00   0.00        354
20161014  11441907   42.6506    13.3279      9.310   0.0    0.00    0.00   0.00        355
20161014  11482333   42.8720    13.2369      4.470   0.0    0.00    0.00   0.00        356
20161014  11494592   42.7833    13.1880      5.360   0.0    0.00    0.00   0.00        357
20161014  11520617   42.8797    13.2539      3.530   0.0    0.00    0.00   0.00        358
20161014  11554585   42.6193    13.3453      8.020   0.0    0.00    0.00   0.00        359
20161014  11562042   42.6587    13.2088      9.460   0.0    0.00    0.00   0.00        360
20161014  12011620   42.8144    13.1465     10.180   0.0    0.00    0.00   0.00        361
20161014  12050757   42.8214    13.1860      3.910   0.0    0.00    0.00   0.00        362
20161014  12055121   42.8660    13.0864      4.220   0.0    0.00    0.00   0.00        363
20161014  12084667   42.7837    13.2121      6.860   0.0    0.00    0.00   0.00        364
20161014  12195908   42.8740    13.2382      6.160   0.0    0.00    0.00   0.00        365
20161014  12211887   42.7806    13.2299      9.660   0.0    0.00    0.00   0.00        366
20161014  12304891   42.9000    13.2452      4.050   0.0    0.00    0.00   0.00        367
20161014  12314126   42.6482    13.3319      9.700   0.0    0.00    0.00   0.00        368
20161014  12340998   42.8047    13.1195     -0.050   0.0    0.00    0.00   0.00        369
20161014  12343477   42.7980    13.1421      1.850   0.0    0.00    0.00   0.00        370
20161014  12401314   42.8737    13.0852      3.450   0.0    0.00    0.00   0.00        371
20161014  12433725   42.7426    13.1848      6.490   0.0    0.00    0.00   0.00        372
20161014  12443105   42.6989    13.2450      9.520   0.0    0.00    0.00   0.00        373
20161014  12454130   42.7509    13.1765      4.540   0.0    0.00    0.00   0.00        374
20161014  12483528   42.8736    13.0723      5.650   0.0    0.00    0.00   0.00        375
20161014  12512501   42.8737    13.0727      6.170   0.0    0.00    0.00   0.00        376
20161014  12520285   42.8512    13.0895      7.500   0.0    0.00    0.00   0.00        377
20161014  12523870   42.8684    13.0810      4.200   0.0    0.00    0.00   0.00        378
20161014  12543997   42.6488    13.3333      9.180   0.0    0.00    0.00   0.00        379
20161014  12563780   42.8627    13.0799      5.090   0.0    0.00    0.00   0.00        380
20161014  13043963   42.9090    13.2453      1.250   0.0    0.00    0.00   0.00        381
20161014  13113632   42.8767    13.0738     -0.070   0.0    0.00    0.00   0.00        382
20161014  13123392   42.7760    13.1807      7.410   0.0    0.00    0.00   0.00        383
20161014  13161345   42.6440    13.3336      9.220   0.0    0.00    0.00   0.00        384
20161014  13165719   42.8773    13.0705      6.380   0.0    0.00    0.00   0.00        385
20161014  13174681   42.8724    13.0889     -0.010   0.0    0.00    0.00   0.00        386
20161014  13183451   42.8764    13.0724      4.710   0.0    0.00    0.00   0.00        387
20161014  13353188   42.7408    13.1833      5.470   0.0    0.00    0.00   0.00        388
20161014  13361908   42.8083    13.2489     10.010   0.0    0.00    0.00   0.00        389
20161014  13452698   42.8023    13.1625      7.290   0.0    0.00    0.00   0.00        390
20161014  13502740   42.8049    13.1950      9.540   0.0    0.00    0.00   0.00        391
20161014  13562138   42.6460    13.3244      9.020   0.0    0.00    0.00   0.00        392
20161014  13565393   42.7251    13.1587      7.020   0.0    0.00    0.00   0.00        393
20161014  14013927   42.7853    13.2058      5.640   0.0    0.00    0.00   0.00        394
20161014  14030982   42.8877    13.2457      4.920   0.0    0.00    0.00   0.00        395
20161014  14042719   42.8179    13.2356      4.340   0.0    0.00    0.00   0.00        396
20161014  14080345   42.6474    13.3419      8.360   0.0    0.00    0.00   0.00        397
20161014  14135917   42.7514    13.1840      5.620   0.0    0.00    0.00   0.00        398
20161014  14145792   42.8618    13.2579     -0.010   0.0    0.00    0.00   0.00        399
20161014  14154820   42.8568    13.2333      1.370   0.0    0.00    0.00   0.00        400
20161014  14224637   42.8323    13.1531      6.220   0.0    0.00    0.00   0.00        401
20161014  14262045   42.7381    13.1921      5.430   0.0    0.00    0.00   0.00        402
20161014  14282552   42.8347    13.0397      4.400   0.0    0.00    0.00   0.00        403
20161014  14305867   42.8871    13.2394      4.830   0.0    0.00    0.00   0.00        404
20161014  14365487   42.7829    13.1895      5.670   0.0    0.00    0.00   0.00        405
20161014  14450464   42.6503    13.3298      9.890   0.0    0.00    0.00   0.00        406
20161014  14461508   42.8743    13.0795     -0.010   0.0    0.00    0.00   0.00        407
20161014  14465878   42.6464    13.3282      9.980   0.0    0.00    0.00   0.00        408
20161014  14483146   42.9274    13.1619     10.970   0.0    0.00    0.00   0.00        409
20161014  14534426   42.7258    13.2707      9.320   0.0    0.00    0.00   0.00        410
20161014  14541506   42.8023    13.1609      7.390   0.0    0.00    0.00   0.00        411
20161014  14560964   42.5826    13.3586      8.550   0.0    0.00    0.00   0.00        412
20161014  14583761   42.7406    13.2769      5.350   0.0    0.00    0.00   0.00        413
20161014  15040957   42.6569    13.2147      9.360   0.0    0.00    0.00   0.00        414
20161014  15054657   42.9224    13.1852      7.130   0.0    0.00    0.00   0.00        415
20161014  15061843   42.6514    13.3326      9.650   0.0    0.00    0.00   0.00        416
20161014  15073188   42.7223    13.2144      9.270   0.0    0.00    0.00   0.00        417
20161014  15094238   42.6423    13.3280      9.080   0.0    0.00    0.00   0.00        418
20161014  15101622   42.7557    13.1856      4.900   0.0    0.00    0.00   0.00        419
20161014  15103602   42.8984    13.2268      6.910   0.0    0.00    0.00   0.00        420
20161014  15154891   42.9188    13.2647      4.340   0.0    0.00    0.00   0.00        421
20161014  15161540   42.8898    13.1434      5.980   0.0    0.00    0.00   0.00        422
20161014  15174628   42.7127    13.2277     10.650   0.0    0.00    0.00   0.00        423
20161014  15190451   42.8652    13.0830      4.580   0.0    0.00    0.00   0.00        424
20161014  15195060   42.8474    13.2536     13.540   0.0    0.00    0.00   0.00        425
20161014  15201069   42.8469    13.2523     13.770   0.0    0.00    0.00   0.00        426
20161014  15210088   42.8398    13.1542      8.250   0.0    0.00    0.00   0.00        427
20161014  15212082   42.7780    13.1960      7.820   0.0    0.00    0.00   0.00        428
20161014  15215021   42.8230    13.1716      4.430   0.0    0.00    0.00   0.00        429
20161014  15235646   42.8228    13.1915      4.610   0.0    0.00    0.00   0.00        430
20161014  15244838   42.8731    13.0746      5.270   0.0    0.00    0.00   0.00        431
20161014  15261327   42.8595    13.2760     14.590   0.0    0.00    0.00   0.00        432
20161014  15265807   42.6430    13.3357      7.560   0.0    0.00    0.00   0.00        433
20161014  15321382   42.8112    13.1465      6.020   0.0    0.00    0.00   0.00        434
20161014  15344027   42.7754    13.1552      4.160   0.0    0.00    0.00   0.00        435
20161014  15363930   42.7768    13.1571      6.910   0.0    0.00    0.00   0.00        436
20161014  15374868   42.8728    13.0638      4.080   0.0    0.00    0.00   0.00        437
20161014  15412075   42.6474    13.3399      9.070   0.0    0.00    0.00   0.00        438
20161014  15421024   42.7412    13.1779      5.080   0.0    0.00    0.00   0.00        439
20161014  15505044   42.7323    13.1927      4.830   0.0    0.00    0.00   0.00        440
20161014  15511837   42.7734    13.1548      4.730   0.0    0.00    0.00   0.00        441
20161014  15532512   42.6821    13.2712      9.050   0.0    0.00    0.00   0.00        442
20161014  15560672   42.6758    13.2282      8.460   0.0    0.00    0.00   0.00        443
20161014  15592970   42.7372    13.1936      7.280   0.0    0.00    0.00   0.00        444
20161014  16021048   42.8704    13.0802      4.810   0.0    0.00    0.00   0.00        445
20161014  16033481   42.8238    13.1799      5.200   0.0    0.00    0.00   0.00        446
20161014  16041606   42.7945    13.2062      6.390   0.0    0.00    0.00   0.00        447
20161014  16043254   42.8681    13.0746      4.300   0.0    0.00    0.00   0.00        448
20161014  16124188   42.8571    13.2788     13.060   0.0    0.00    0.00   0.00        449
20161014  16133893   42.8732    13.0735      6.540   0.0    0.00    0.00   0.00        450
20161014  16140020   42.6795    13.1786      9.610   0.0    0.00    0.00   0.00        451
20161014  16273521   42.7418    13.1873      5.310   0.0    0.00    0.00   0.00        452
20161014  16340756   42.9049    13.2872      1.080   0.0    0.00    0.00   0.00        453
20161014  16343982   42.7588    13.1430      9.400   0.0    0.00    0.00   0.00        454
20161014  16424811   42.6436    13.3308      8.340   0.0    0.00    0.00   0.00        455
20161014  16485341   42.7418    13.1889      4.910   0.0    0.00    0.00   0.00        456
20161014  16540012   42.8963    13.2883     -0.070   0.0    0.00    0.00   0.00        457
20161014  16544400   42.8409    13.2174      5.530   0.0    0.00    0.00   0.00        458
20161014  17021956   42.8323    13.1547      7.960   0.0    0.00    0.00   0.00        459
20161014  17043710   42.6442    13.3337      8.010   0.0    0.00    0.00   0.00        460
20161014  17163074   42.7979    12.9967      7.380   0.0    0.00    0.00   0.00        461
20161014  17170622   42.7416    13.1865      5.560   0.0    0.00    0.00   0.00        462
20161014  17203760   42.8725    13.0804      3.970   0.0    0.00    0.00   0.00        463
20161014  17221684   42.8710    13.0750      5.450   0.0    0.00    0.00   0.00        464
20161014  17230232   42.8688    13.0802      2.530   0.0    0.00    0.00   0.00        465
20161014  17295172   42.8631    13.2356      4.950   0.0    0.00    0.00   0.00        466
20161014  17304798   42.5704    13.2808      6.470   0.0    0.00    0.00   0.00        467
20161014  17374008   42.6372    13.2078      9.280   0.0    0.00    0.00   0.00        468
20161014  17382666   42.6461    13.3305      8.920   0.0    0.00    0.00   0.00        469
20161014  17394190   42.7803    13.2462     13.780   0.0    0.00    0.00   0.00        470
20161014  17435112   42.8138    13.1426      4.660   0.0    0.00    0.00   0.00        471
20161014  17454172   42.7996    13.1306      3.520   0.0    0.00    0.00   0.00        472
20161014  17482888   42.8565    13.2286     -0.010   0.0    0.00    0.00   0.00        473
20161014  17484962   42.8663    13.2345      4.620   0.0    0.00    0.00   0.00        474
20161014  17494754   42.8713    13.2396      3.900   0.0    0.00    0.00   0.00        475
20161014  17501658   42.8679    13.2428      4.970   0.0    0.00    0.00   0.00        476
20161014  17544522   42.8718    13.0816      2.140   0.0    0.00    0.00   0.00        477
20161014  17562358   42.5669    13.2837      5.020   0.0    0.00    0.00   0.00        478
20161014  17594902   42.9286    13.2394      5.020   0.0    0.00    0.00   0.00        479
20161014  18031984   42.6375    13.2267      9.300   0.0    0.00    0.00   0.00        480
20161014  18122896   42.7969    12.9994      7.120   0.0    0.00    0.00   0.00        481
20161014  18130990   42.7984    13.2162      7.420   0.0    0.00    0.00   0.00        482
20161014  18141480   42.5719    13.2849      5.480   0.0    0.00    0.00   0.00        483
20161014  18161314   42.7390    13.1791      5.380   0.0    0.00    0.00   0.00        484
20161014  18170392   42.8719    13.2443      6.160   0.0    0.00    0.00   0.00        485
20161014  18182850   42.7855    13.1902      5.090   0.0    0.00    0.00   0.00        486
20161014  18195114   42.6491    13.3310     10.060   0.0    0.00    0.00   0.00        487
20161014  18202066   42.6039    13.2824      4.820   0.0    0.00    0.00   0.00        488
20161014  18311946   42.8892    13.0710      2.640   0.0    0.00    0.00   0.00        489
20161014  18362304   42.8643    13.2317      5.040   0.0    0.00    0.00   0.00        490
20161014  18364072   42.7902    13.1657      9.670   0.0    0.00    0.00   0.00        491
20161014  18374258   42.6414    13.3268      9.980   0.0    0.00    0.00   0.00        492
20161014  18404934   42.6410    13.3375      8.810   0.0    0.00    0.00   0.00        493
20161014  18413160   42.7603    13.1387      9.050   0.0    0.00    0.00   0.00        494
20161014  18421274   42.6395    13.3135     12.660   0.0    0.00    0.00   0.00        495
20161014  18425728   42.8727    13.2418      6.060   0.0    0.00    0.00   0.00        496
20161014  18444636   42.8700    13.0792      4.710   0.0    0.00    0.00   0.00        497
20161014  18491890   42.9767    13.1329     10.220   0.0    0.00    0.00   0.00        498
20161014  18513300   42.7974    13.2111      4.950   0.0    0.00    0.00   0.00        499
20161014  18522414   42.7873    13.2343     10.860   0.0    0.00    0.00   0.00        500
20161014  18531650   42.6414    13.3182      9.860   0.0    0.00    0.00   0.00        501
20161014  18543768   42.8726    13.0849      4.980   0.0    0.00    0.00   0.00        502
20161014  18561162   42.9233    13.2597      5.110   0.0    0.00    0.00   0.00        503
20161014  18584452   42.8738    13.2361      6.490   0.0    0.00    0.00   0.00        504
20161014  18591724   42.6790    13.1741      9.960   0.0    0.00    0.00   0.00        505
20161014  19024276   42.8103    13.2136      4.580   0.0    0.00    0.00   0.00        506
20161014  19083286   42.8371    13.2522      7.110   0.0    0.00    0.00   0.00        507
20161014  19113682   42.9156    13.2607      5.120   0.0    0.00    0.00   0.00        508
20161014  19140276   42.6428    13.3352      9.340   0.0    0.00    0.00   0.00        509
20161014  19153774   42.5698    13.2937      7.130   0.0    0.00    0.00   0.00        510
20161014  19162508   42.6481    13.3291      9.010   0.0    0.00    0.00   0.00        511
20161014  19180236   42.7499    13.1650      7.910   0.0    0.00    0.00   0.00        512
20161014  19180764   42.7416    13.2447      5.770   0.0    0.00    0.00   0.00        513
20161014  19183882   42.6420    13.3384      8.730   0.0    0.00    0.00   0.00        514
20161014  19193278   42.8021    13.2137      7.530   0.0    0.00    0.00   0.00        515
20161014  19203658   42.6418    13.3425      8.440   0.0    0.00    0.00   0.00        516
20161014  19214740   42.7995    13.1497      6.020   0.0    0.00    0.00   0.00        517
20161014  19224312   42.5936    13.3132      9.320   0.0    0.00    0.00   0.00        518
20161014  19251310   42.6617    13.2095      9.630   0.0    0.00    0.00   0.00        519
20161014  19263996   42.8028    13.1886      9.600   0.0    0.00    0.00   0.00        520
20161014  19333524   42.6587    13.2943     11.430   0.0    0.00    0.00   0.00        521
20161014  19354740   42.7482    13.1872      5.520   0.0    0.00    0.00   0.00        522
20161014  19360128   42.6473    13.3298      9.820   0.0    0.00    0.00   0.00        523
20161014  19393252   42.8196    13.2295      7.040   0.0    0.00    0.00   0.00        524
20161014  19405206   42.9165    13.1375      9.230   0.0    0.00    0.00   0.00        525
20161014  19433272   42.8031    13.1283      4.540   0.0    0.00    0.00   0.00        526
20161014  19475882   42.8599    13.2496      5.430   0.0    0.00    0.00   0.00        527
20161014  19501338   42.8720    13.2384      6.310   0.0    0.00    0.00   0.00        528
20161014  19503600   42.7752    13.1631     10.400   0.0    0.00    0.00   0.00        529
20161014  19505518   42.7635    13.2104     10.550   0.0    0.00    0.00   0.00        530
20161014  19514072   42.6429    13.3367      8.690   0.0    0.00    0.00   0.00        531
20161014  19524830   42.8206    13.2149      5.190   0.0    0.00    0.00   0.00        532
20161014  19534514   42.8578    13.1236      4.530   0.0    0.00    0.00   0.00        533
20161014  19552216   42.8722    13.2429      4.920   0.0    0.00    0.00   0.00        534
20161014  19554796   42.8716    13.0863      4.680   0.0    0.00    0.00   0.00        535
20161014  19565236   42.7840    13.1492      4.690   0.0    0.00    0.00   0.00        536
20161014  19575032   42.8828    13.2398      5.180   0.0    0.00    0.00   0.00        537
20161014  19581152   42.6399    13.3441      7.440   0.0    0.00    0.00   0.00        538
20161014  19583064   42.9105    13.2571      5.640   0.0    0.00    0.00   0.00        539
20161014  19584720   42.7846    13.1425      4.160   0.0    0.00    0.00   0.00        540
20161014  19593070   42.9016    13.2476      2.520   0.0    0.00    0.00   0.00        541
20161014  20013320   42.8711    13.0759      0.900   0.0    0.00    0.00   0.00        542
20161014  20033988   42.8819    13.2460      4.680   0.0    0.00    0.00   0.00        543
20161014  20055082   42.8659    13.2495      6.890   0.0    0.00    0.00   0.00        544
20161014  20065288   42.8717    13.0825     -0.070   0.0    0.00    0.00   0.00        545
20161014  20075464   42.7471    13.1907      5.760   0.0    0.00    0.00   0.00        546
20161014  20120196   42.8687    13.0704      4.670   0.0    0.00    0.00   0.00        547
20161014  20123508   42.9245    13.2656      5.470   0.0    0.00    0.00   0.00        548
20161014  20144836   42.8234    13.1851      5.510   0.0    0.00    0.00   0.00        549
20161014  20193002   42.8415    13.2262      6.800   0.0    0.00    0.00   0.00        550
20161014  20203694   42.8747    13.0664      5.200   0.0    0.00    0.00   0.00        551
20161014  20213660   42.6507    13.3442      8.790   0.0    0.00    0.00   0.00        552
20161014  20222254   42.8022    13.2505     11.440   0.0    0.00    0.00   0.00        553
20161014  20251482   42.8014    13.1913      5.130   0.0    0.00    0.00   0.00        554
20161014  20253534   42.6511    13.3327      9.320   0.0    0.00    0.00   0.00        555
20161014  20295778   42.8383    13.0574      5.320   0.0    0.00    0.00   0.00        556
20161014  20303072   42.7789    13.2370      5.090   0.0    0.00    0.00   0.00        557
20161014  20332936   42.8722    13.0893     -0.090   0.0    0.00    0.00   0.00        558
20161014  20340830   42.8651    13.0783      4.660   0.0    0.00    0.00   0.00        559
20161014  20391650   42.6485    13.3330      8.900   0.0    0.00    0.00   0.00        560
20161014  20405750   42.7838    13.1361      3.580   0.0    0.00    0.00   0.00        561
20161014  20413066   42.8601    13.2297      0.040   0.0    0.00    0.00   0.00        562
20161014  20420950   42.8755    13.0733      4.650   0.0    0.00    0.00   0.00        563
20161014  20503646   42.7408    13.1982     10.250   0.0    0.00    0.00   0.00        564
20161014  20505682   42.6452    13.3277      9.790   0.0    0.00    0.00   0.00        565
20161014  20510598   42.9248    13.2671      5.750   0.0    0.00    0.00   0.00        566
20161014  20545358   42.7767    13.1789      6.120   0.0    0.00    0.00   0.00        567
20161014  20565716   42.7524    13.0949      6.970   0.0    0.00    0.00   0.00        568
20161014  20582798   42.8652    13.2428      4.670   0.0    0.00    0.00   0.00        569
20161014  20585230   42.6555    13.1874     10.880   0.0    0.00    0.00   0.00        570
20161014  20594564   42.8760    13.1212      4.040   0.0    0.00    0.00   0.00        571
20161014  21010098   42.7698    13.1370      4.960   0.0    0.00    0.00   0.00        572
20161014  21025802   42.8685    13.2432      4.400   0.0    0.00    0.00   0.00        573
20161014  21034540   42.8716    13.0820      3.120   0.0    0.00    0.00   0.00        574
20161014  21053462   42.6223    13.2623      9.470   0.0    0.00    0.00   0.00        575
20161014  21081388   42.6524    13.2465     10.160   0.0    0.00    0.00   0.00        576
20161014  21113238   42.4723    13.0657      8.410   0.0    0.00    0.00   0.00        577
20161014  21135654   42.8284    13.1701      8.220   0.0    0.00    0.00   0.00        578
20161014  21154160   42.8678    13.0803      6.160   0.0    0.00    0.00   0.00        579
20161014  21163736   42.7073    13.0370      6.780   0.0    0.00    0.00   0.00        580
20161014  21173522   42.6395    13.3543      5.920   0.0    0.00    0.00   0.00        581
20161014  21233330   42.6521    13.3323      9.890   0.0    0.00    0.00   0.00        582
20161014  21243204   42.7971    12.9219     11.480   0.0    0.00    0.00   0.00        583
20161014  21261450   42.8697    13.0842      5.780   0.0    0.00    0.00   0.00        584
20161014  21332358   42.7597    13.1965      6.980   0.0    0.00    0.00   0.00        585
20161014  21355028   42.7680    13.1520     10.250   0.0    0.00    0.00   0.00        586
20161014  21391096   42.6480    13.3349      9.080   0.0    0.00    0.00   0.00        587
20161014  21400468   42.7444    13.2221      9.710   0.0    0.00    0.00   0.00        588
20161014  21405336   42.7634    13.1308      8.950   0.0    0.00    0.00   0.00        589
20161014  21410496   42.7869    13.1438      4.070   0.0    0.00    0.00   0.00        590
20161014  21420150   42.6445    13.3333      9.990   0.0    0.00    0.00   0.00        591
20161014  21423266   42.8741    13.2461      6.250   0.0    0.00    0.00   0.00        592
20161014  21432086   42.8857    13.1437      4.930   0.0    0.00    0.00   0.00        593
20161014  21444272   42.7604    13.2166      9.030   0.0    0.00    0.00   0.00        594
20161014  21445212   42.6493    13.3292      9.360   0.0    0.00    0.00   0.00        595
20161014  21454796   42.7507    13.1833      6.180   0.0    0.00    0.00   0.00        596
20161014  21485228   42.8743    13.0740      4.410   0.0    0.00    0.00   0.00        597
20161014  21495348   42.7426    13.1894      5.390   0.0    0.00    0.00   0.00        598
20161014  21503110   42.8697    13.0445      8.010   0.0    0.00    0.00   0.00        599
20161014  21504012   42.7736    13.1541     10.660   0.0    0.00    0.00   0.00        600
20161014  21524874   42.8654    13.0473      9.160   0.0    0.00    0.00   0.00        601
20161014  21555662   42.9184    13.2625      5.530   0.0    0.00    0.00   0.00        602
20161014  21562702   42.6512    13.2762     10.140   0.0    0.00    0.00   0.00        603
20161014  21584948   42.6440    13.3293      9.330   0.0    0.00    0.00   0.00        604
20161014  22020904   42.6749    13.2550     10.520   0.0    0.00    0.00   0.00        605
20161014  22023844   42.7983    13.2453     11.000   0.0    0.00    0.00   0.00        606
20161014  22052678   42.8594    13.2615      3.450   0.0    0.00    0.00   0.00        607
20161014  22062298   42.6133    13.2719      6.600   0.0    0.00    0.00   0.00        608
20161014  22072232   42.8650    13.2452      4.700   0.0    0.00    0.00   0.00        609
20161014  22080084   42.7977    13.2400     10.140   0.0    0.00    0.00   0.00        610
20161014  22105788   42.7897    13.1211      8.790   0.0    0.00    0.00   0.00        611
20161014  22124802   42.7716    13.1540     10.980   0.0    0.00    0.00   0.00        612
20161014  22131504   42.8740    13.0713      5.530   0.0    0.00    0.00   0.00        613
20161014  22152802   42.8719    13.2508      2.090   0.0    0.00    0.00   0.00        614
20161014  22155758   42.6036    13.3335      9.290   0.0    0.00    0.00   0.00        615
20161014  22161754   42.9180    13.2535      4.430   0.0    0.00    0.00   0.00        616
20161014  22164542   42.6394    13.3240      9.840   0.0    0.00    0.00   0.00        617
20161014  22175274   42.8953    13.1650      5.680   0.0    0.00    0.00   0.00        618
20161014  22194350   42.7361    13.1759      8.430   0.0    0.00    0.00   0.00        619
20161014  22203620   42.8685    13.0727      5.180   0.0    0.00    0.00   0.00        620
20161014  22240640   42.6672    13.2969      5.230   0.0    0.00    0.00   0.00        621
20161014  22243368   42.6721    13.2987      2.480   0.0    0.00    0.00   0.00        622
20161014  22244288   42.7558    13.1973      7.970   0.0    0.00    0.00   0.00        623
20161014  22265930   42.8136    13.2436      7.030   0.0    0.00    0.00   0.00        624
20161014  22314516   42.8220    13.1666      8.870   0.0    0.00    0.00   0.00        625
20161014  22333430   42.7554    13.2559      6.740   0.0    0.00    0.00   0.00        626
20161014  22341072   42.8740    13.0773      4.810   0.0    0.00    0.00   0.00        627
20161014  22360148   42.8221    13.1644      8.570   0.0    0.00    0.00   0.00        628
20161014  22364208   42.6500    13.3370      9.840   0.0    0.00    0.00   0.00        629
20161014  22394810   42.7403    13.1899      4.940   0.0    0.00    0.00   0.00        630
20161014  22415102   42.7906    13.2313      7.640   0.0    0.00    0.00   0.00        631
20161014  22422596   42.8713    13.0814      4.880   0.0    0.00    0.00   0.00        632
20161014  22493682   42.6650    13.2680      9.980   0.0    0.00    0.00   0.00        633
20161014  22515916   42.7914    13.2977     12.130   0.0    0.00    0.00   0.00        634
20161014  22521486   42.7910    13.1356      4.380   0.0    0.00    0.00   0.00        635
20161014  22523680   42.8718    13.0779      4.830   0.0    0.00    0.00   0.00        636
20161014  22562844   42.7395    13.1919      5.370   0.0    0.00    0.00   0.00        637
20161014  23010608   42.8700    13.2430      6.160   0.0    0.00    0.00   0.00        638
20161014  23024826   42.7699    13.1902      6.930   0.0    0.00    0.00   0.00        639
20161014  23033952   42.8970    13.2482      5.320   0.0    0.00    0.00   0.00        640
20161014  23041756   42.8446    13.2548     11.520   0.0    0.00    0.00   0.00        641
20161014  23052112   42.6690    13.2961     10.680   0.0    0.00    0.00   0.00        642
20161014  23082526   42.7602    13.2120      9.820   0.0    0.00    0.00   0.00        643
20161014  23110040   42.8965    13.2440      4.890   0.0    0.00    0.00   0.00        644
20161014  23251738   42.8698    13.2458      0.870   0.0    0.00    0.00   0.00        645
20161014  23271976   42.8774    13.2464      5.360   0.0    0.00    0.00   0.00        646
20161014  23302612   42.7407    13.1670      4.620   0.0    0.00    0.00   0.00        647
20161014  23340842   42.5860    13.3075      6.450   0.0    0.00    0.00   0.00        648
20161014  23342926   42.6580    13.2124     10.860   0.0    0.00    0.00   0.00        649
20161014  23351738   42.8720    13.0718      4.650   0.0    0.00    0.00   0.00        650
20161014  23390460   42.8456    13.2121      3.660   0.0    0.00    0.00   0.00        651
20161014  23393890   42.8417    13.2165      6.600   0.0    0.00    0.00   0.00        652
20161014  23405134   42.8730    13.0727      5.470   0.0    0.00    0.00   0.00        653
20161014  23432104   42.5830    13.3003      5.940   0.0    0.00    0.00   0.00        654
20161014  23523612   42.8698    13.0782      5.140   0.0    0.00    0.00   0.00        655
20161014  23544054   42.6408    13.3374      8.910   0.0    0.00    0.00   0.00        656
20161014  23553570   42.8741    13.0769      5.170   0.0    0.00    0.00   0.00        657
20161014  23560352   42.6634    13.2266     11.550   0.0    0.00    0.00   0.00        658
20161014  23563096   42.8193    13.2663      1.300   0.0    0.00    0.00   0.00        659
