2016-10-14T00:00:08.110000Z 13.2225 42.816 10.8 1.4
2016-10-14T00:04:52.020000Z 13.2372 42.8967 8.9 1.4
2016-10-14T00:12:09.220000Z 13.1927 42.7402 10.5 1.7
2016-10-14T00:17:09.450000Z 13.1533 42.8517 9.1 1.5
2016-10-14T00:28:24.270000Z 13.1842 42.7463 10.1 1.2
2016-10-14T00:46:24.900000Z 13.15 42.9188 11.3 0.9
2016-10-14T00:48:55.440000Z 13.1343 42.8633 4.4 1.0
2016-10-14T01:02:18.160000Z 13.2312 42.8842 10.1 1.2
2016-10-14T01:15:37.820000Z 13.2592 42.9137 8.9 1.3
2016-10-14T01:19:17.090000Z 13.1917 42.8787 7.2 1.5
2016-10-14T01:20:40.510000Z 13.196 42.8185 11.1 1.1
2016-10-14T01:31:39.870000Z 13.2483 42.8458 9.1 1.6
2016-10-14T01:46:32.150000Z 13.2325 42.8885 8.4 1.4
2016-10-14T02:01:15.940000Z 13.1038 42.6507 10.0 1.5
2016-10-14T02:04:23.770000Z 13.2343 42.89 8.2 1.6
2016-10-14T02:19:35.110000Z 13.1897 42.7307 8.9 1.6
2016-10-14T02:54:23.100000Z 13.1835 42.7358 9.0 1.8
2016-10-14T03:02:26.260000Z 13.1388 42.8797 8.9 1.2
2016-10-14T03:06:41.980000Z 13.1512 42.8318 11.1 1.5
2016-10-14T03:18:52.230000Z 13.2365 42.855 8.0 1.9
2016-10-14T03:36:03.990000Z 13.2735 42.8357 8.0 1.8
2016-10-14T04:03:29.910000Z 13.2332 42.8897 8.1 1.3
2016-10-14T04:09:20.210000Z 13.329 42.6318 11.1 3.3
2016-10-14T04:17:27.750000Z 13.2388 42.8655 8.8 1.7
2016-10-14T04:28:27.210000Z 13.3345 42.6387 11.2 1.4
2016-10-14T04:50:01.260000Z 13.1633 42.7288 10.3 1.6
2016-10-14T04:51:45.500000Z 13.1563 42.7892 10.2 1.7
2016-10-14T05:21:18.710000Z 13.3457 42.6395 10.6 1.3
2016-10-14T05:22:53.000000Z 13.0788 42.8703 7.9 1.5
2016-10-14T05:27:24.470000Z 13.1432 42.7718 9.6 2.2
2016-10-14T05:50:47.940000Z 13.2282 42.7437 12.5 2.1
2016-10-14T06:02:03.420000Z 13.1882 42.7367 10.4 1.3
2016-10-14T06:09:56.160000Z 13.239 42.7628 14.7 1.1
2016-10-14T06:19:58.310000Z 13.1573 42.8047 10.7 1.8
2016-10-14T06:23:51.280000Z 13.1742 42.7417 12.9 1.5
2016-10-14T06:32:52.140000Z 13.3382 42.6423 11.1 1.6
2016-10-14T06:40:17.180000Z 13.2568 42.9298 9.0 1.0
2016-10-14T06:43:44.260000Z 13.1848 42.7483 10.6 1.2
2016-10-14T06:55:20.300000Z 13.1573 42.9687 10.0 1.2
2016-10-14T06:55:29.410000Z 13.3452 42.6403 9.4 1.0
2016-10-14T06:55:54.970000Z 13.2335 42.8872 7.3 0.8
2016-10-14T07:02:13.680000Z 13.3398 42.6402 11.0 1.3
2016-10-14T07:05:34.060000Z 13.2072 42.8177 8.5 1.2
2016-10-14T07:18:35.340000Z 13.2397 42.8897 7.7 1.0
2016-10-14T07:42:59.500000Z 13.1598 42.8128 8.1 1.0
2016-10-14T08:01:53.640000Z 13.1788 42.7533 10.4 1.2
2016-10-14T08:06:28.090000Z 13.0797 42.8545 10.4 1.5
2016-10-14T08:07:36.660000Z 13.2512 42.7723 10.3 1.6
2016-10-14T08:08:28.500000Z 13.2167 42.6598 13.0 1.5
2016-10-14T08:11:40.500000Z 13.2003 42.8093 9.8 1.3
2016-10-14T08:23:12.120000Z 13.3398 42.6473 11.0 1.9
2016-10-14T08:29:24.900000Z 13.2308 42.6362 11.8 1.7
2016-10-14T08:33:50.560000Z 13.1372 42.7642 11.2 1.7
2016-10-14T08:45:48.090000Z 13.0707 42.8678 9.3 2.8
2016-10-14T08:56:09.970000Z 13.074 42.8652 9.0 1.6
2016-10-14T08:58:52.070000Z 13.0743 42.8658 6.8 1.3
2016-10-14T09:01:21.320000Z 13.141 42.791 7.4 1.2
2016-10-14T09:03:32.730000Z 13.3198 42.6278 9.9 1.4
2016-10-14T09:21:51.260000Z 13.0467 42.4502 14.0 2.1
2016-10-14T09:23:56.830000Z 13.0517 42.4608 12.0 1.2
2016-10-14T09:27:33.180000Z 13.1287 42.8097 9.6 1.4
2016-10-14T09:28:54.390000Z 13.2863 42.5657 10.5 1.6
2016-10-14T09:39:51.650000Z 13.2553 42.8897 9.5 1.4
2016-10-14T09:41:54.920000Z 13.2183 42.8453 9.3 1.7
2016-10-14T09:48:29.100000Z 13.2577 42.8952 8.9 1.7
2016-10-14T10:05:14.570000Z 13.2273 42.85 10.2 1.2
2016-10-14T10:24:21.660000Z 13.2532 42.892 8.8 1.1
2016-10-14T10:26:01.930000Z 13.0652 42.8712 9.1 1.8
2016-10-14T10:36:05.750000Z 13.2588 42.846 9.5 1.2
2016-10-14T10:38:49.500000Z 13.1715 42.8673 7.8 1.2
2016-10-14T10:56:50.150000Z 13.1798 42.8155 9.3 2.5
2016-10-14T10:59:08.350000Z 13.1777 42.809 8.4 2.0
2016-10-14T11:03:22.440000Z 13.182 42.8112 8.2 1.3
2016-10-14T11:32:22.780000Z 13.1422 42.8705 7.3 0.9
2016-10-14T11:43:24.720000Z 13.1247 42.7862 9.5 1.9
2016-10-14T11:52:05.220000Z 13.2538 42.8952 9.3 1.3
2016-10-14T12:01:15.610000Z 13.1417 42.8177 12.2 1.4
2016-10-14T12:19:58.020000Z 13.2463 42.8603 8.8 1.1
2016-10-14T12:26:17.970000Z 13.168 42.8428 6.39 0.8
2016-10-14T12:40:12.350000Z 13.0688 42.8762 7.7 1.0
2016-10-14T12:42:38.990000Z 13.2112 42.7832 10.0 1.2
2016-10-14T12:44:30.170000Z 13.2532 42.6955 13.2 1.2
2016-10-14T12:48:34.410000Z 13.0648 42.8708 9.1 2.5
2016-10-14T12:54:38.960000Z 13.3437 42.638 11.2 1.6
2016-10-14T13:04:39.000000Z 13.2457 42.9087 6.0 0.6
2016-10-14T13:12:32.650000Z 13.1828 42.7763 11.4 1.1
2016-10-14T13:18:33.880000Z 13.0657 42.8767 6.5 0.7
2016-10-14T13:36:18.840000Z 13.2877 42.8208 8.9 1.3
2016-10-14T13:56:53.000000Z 13.1588 42.732 9.6 1.2
2016-10-14T14:04:26.590000Z 13.2178 42.7997 5.4 1.1
2016-10-14T14:28:36.640000Z 13.0778 42.8542 3.9 1.3
2016-10-14T14:58:36.490000Z 13.2773 42.7375 10.2 1.2
2016-10-14T15:05:45.710000Z 13.1663 42.9213 8.2 1.0
2016-10-14T15:06:17.420000Z 13.333 42.6508 11.5 1.4
2016-10-14T15:10:36.410000Z 13.159 42.8487 10.5 2.0
2016-10-14T15:21:19.980000Z 13.1843 42.7702 11.1 2.0
2016-10-14T15:21:49.390000Z 13.1765 42.8157 8.4 1.7
2016-10-14T15:24:47.340000Z 13.0768 42.87 8.6 1.5
2016-10-14T15:34:39.420000Z 13.1507 42.7682 9.5 2.0
2016-10-14T15:37:47.980000Z 13.073 42.8687 9.0 2.0
2016-10-14T15:42:09.140000Z 13.1908 42.7442 10.4 1.3
2016-10-14T15:51:17.260000Z 13.1268 42.8063 10.0 1.2
2016-10-14T15:59:28.780000Z 13.184 42.7433 10.5 1.3
2016-10-14T16:03:33.660000Z 13.1782 42.8177 8.0 1.4
2016-10-14T16:04:15.160000Z 13.2008 42.7888 10.0 1.6
2016-10-14T16:04:31.620000Z 13.0712 42.8677 8.7 2.0
2016-10-14T16:13:38.070000Z 13.0783 42.8765 8.2 0.7
2016-10-14T16:34:38.930000Z 13.1418 42.757 12.7 1.6
2016-10-14T16:48:52.200000Z 13.2247 42.8078 5.5 1.0
2016-10-14T16:54:42.840000Z 13.2198 42.8252 9.2 1.7
2016-10-14T17:17:05.230000Z 13.1858 42.7417 10.4 1.5
2016-10-14T17:22:16.280000Z 13.0767 42.8643 10.0 1.5
2016-10-14T17:29:51.250000Z 13.2197 42.8615 6.7 1.1
2016-10-14T17:48:48.920000Z 13.2378 42.8603 8.5 2.0
2016-10-14T17:50:15.910000Z 13.2378 42.8618 8.0 1.5
2016-10-14T18:03:18.700000Z 13.2285 42.6367 13.7 1.7
2016-10-14T18:31:19.100000Z 13.0712 42.8658 8.9 2.5
2016-10-14T18:37:41.530000Z 13.3387 42.6398 11.7 1.7
2016-10-14T18:42:56.520000Z 13.242 42.8647 9.6 1.9
2016-10-14T18:44:45.510000Z 13.0798 42.8582 8.9 2.2
2016-10-14T18:49:18.200000Z 13.1372 42.9817 10.2 1.4
2016-10-14T18:58:43.470000Z 13.2347 42.8707 10.4 1.3
2016-10-14T19:15:36.630000Z 13.2953 42.5657 10.7 1.4
2016-10-14T19:22:42.590000Z 13.3407 42.5802 6.4 0.9
2016-10-14T19:26:38.990000Z 13.1837 42.803 14.1 0.8
2016-10-14T19:33:34.420000Z 13.3037 42.6568 14.2 1.1
2016-10-14T19:50:12.320000Z 13.2405 42.8707 9.9 1.2
2016-10-14T19:53:44.350000Z 13.1212 42.8568 9.2 1.7
2016-10-14T19:58:46.170000Z 13.1227 42.7938 10.0 1.8
2016-10-14T20:06:52.090000Z 13.0772 42.8657 8.7 1.5
2016-10-14T20:12:34.180000Z 13.2592 42.9168 8.3 1.6
2016-10-14T20:14:47.410000Z 13.1728 42.8302 10.2 1.0
2016-10-14T20:42:08.690000Z 13.065 42.8775 8.4 1.6
2016-10-14T21:00:59.980000Z 13.1368 42.7657 9.8 1.7
2016-10-14T21:05:33.720000Z 13.2658 42.6213 11.7 1.5
2016-10-14T21:33:22.520000Z 13.196 42.7573 11.1 1.3
2016-10-14T21:39:10.120000Z 13.3327 42.6422 11.2 2.0
2016-10-14T21:42:31.920000Z 13.2432 42.8628 8.8 1.7
2016-10-14T21:45:46.840000Z 13.1813 42.7552 10.8 1.2
2016-10-14T21:48:51.580000Z 13.0687 42.8698 8.8 1.8
2016-10-14T21:52:48.300000Z 13.0338 42.8733 11.0 1.7
2016-10-14T22:02:38.060000Z 13.2315 42.8008 11.8 1.1
2016-10-14T22:12:47.200000Z 13.1513 42.7697 12.4 1.7
2016-10-14T22:24:41.830000Z 13.1993 42.751 11.9 1.9
2016-10-14T22:31:44.540000Z 13.1673 42.8128 9.5 1.8
2016-10-14T22:33:32.990000Z 13.2008 42.7507 14.7 1.5
2016-10-14T22:42:25.230000Z 13.0688 42.8745 7.7 1.0
2016-10-14T23:08:24.160000Z 13.1865 42.7578 10.0 1.4
2016-10-14T23:27:18.890000Z 13.2413 42.8718 10.4 1.8
2016-10-14T23:35:16.640000Z 13.0662 42.8703 7.7 1.8
2016-10-14T23:56:30.070000Z 13.2617 42.8203 10.0 1.8
