    1 2016 10 14 00:00:08.158       8.1580   0.1076      42.8190      13.2305      10.0000     -inf      nan   60   60  120    29.59
    2 2016 10 14 00:04:52.085     292.0847   0.0637      42.8952      13.2330       8.0000     -inf      nan   60   60  120    36.30
    3 2016 10 14 00:12:09.263     729.2626   0.0471      42.7420      13.1912      10.0000     -inf      nan   60   60  120    21.48
    4 2016 10 14 00:17:09.301    1029.3007   0.1338      42.8590      13.1505      10.0000     -inf      nan   60   60  120    33.62
    5 2016 10 14 00:28:24.302    1704.3023   0.1179      42.7420      13.1912      10.0000     -inf      nan   60   60  120    21.48
    6 2016 10 14 00:46:24.770    2784.7702   0.0921      42.9221      13.1417      12.0000     -inf      nan   60   60  120    44.57
    7 2016 10 14 00:48:55.543    2935.5435   0.1488      42.8560      13.1368       4.0000     -inf      nan   60   60  120    37.24
    8 2016 10 14 01:02:18.302    3738.3024   0.1710      42.8752      13.2330      10.0000     -inf      nan   60   60  120    29.95
    9 2016 10 14 01:15:37.738    4537.7378   0.0808      42.9152      13.2530      10.0000     -inf      nan   60   60  120    36.81
   10 2016 10 14 01:19:17.049    4757.0492   0.0370      42.8790      13.1905       8.0000     -inf      nan   60   60  120    28.03
   11 2016 10 14 01:20:40.415    4840.4150   0.0707      42.8190      13.1905      12.0000     -inf      nan   60   60  120    24.74
   12 2016 10 14 01:31:40.001    5500.0009   0.1243      42.8396      13.2496       8.0000     -inf      nan   60   60  120    29.99
   13 2016 10 14 01:46:31.976    6391.9761   0.1201      42.8952      13.2330      10.0000     -inf      nan   60   60  120    36.30
   14 2016 10 14 02:01:15.912    7275.9124   0.0752      42.6525      13.0977      10.0000     -inf      nan   60   60  120    46.77
   15 2016 10 14 02:04:23.603    7463.6029   0.1065      42.8952      13.2330      10.0000     -inf      nan   60   60  120    36.30
   16 2016 10 14 02:19:35.186    8375.1862   0.1829      42.7220      13.1912       8.0000     -inf      nan   60   60  120    26.14
   17 2016 10 14 02:54:23.045   10463.0445   0.1468      42.7420      13.1912      10.0000     -inf      nan   60   60  120    21.48
   18 2016 10 14 03:02:26.183   10946.1832   0.0685      42.8821      13.1417      10.0000     -inf      nan   60   60  120    29.68
   19 2016 10 14 03:06:41.896   11201.8961   0.0986      42.8360      13.1568      12.0000     -inf      nan   60   60  120    32.85
   20 2016 10 14 03:18:52.179   11932.1789   0.1052      42.8590      13.2305       8.0000     -inf      nan   60   60  120    23.11
   21 2016 10 14 03:36:03.961   12963.9611   0.0898      42.8396      13.2696       8.0000     -inf      nan   60   60  120    37.63
   22 2016 10 14 04:03:29.831   14609.8308   0.1076      42.8952      13.2330       8.0000     -inf      nan   60   60  120    36.30
   23 2016 10 14 04:09:20.102   14960.1023   0.0982      42.6330      13.3378      12.0000     -inf      nan   60   60  120    40.93
   24 2016 10 14 04:17:27.751   15447.7507   0.1683      42.8590      13.2305      10.0000     -inf      nan   60   60  120    23.11
   25 2016 10 14 04:28:27.076   16107.0758   0.0969      42.6330      13.3378      12.0000     -inf      nan   60   60  120    40.93
   26 2016 10 14 04:50:01.300   17401.2998   0.1623      42.7220      13.1712      10.0000     -inf      nan   60   60  120    24.68
   27 2016 10 14 04:51:45.602   17505.6024   0.2038      42.7796      13.1637      10.0000     -inf      nan   60   60  120    35.19
   28 2016 10 14 05:21:18.564   19278.5642   0.1378      42.6330      13.3378      12.0000     -inf      nan   60   60  120    40.93
   29 2016 10 14 05:22:52.907   19372.9065   0.1031      42.8760      13.0768       8.0000     -inf      nan   60   60  120    45.00
   30 2016 10 14 05:27:24.388   19644.3880   0.1491      42.7796      13.1437      10.0000     -inf      nan   60   60  120    38.13
   31 2016 10 14 05:50:47.993   21047.9930   0.0584      42.7420      13.2312      12.0000     -inf      nan   60   60  120    24.59
   32 2016 10 14 06:02:03.463   21723.4632   0.0997      42.7420      13.1912      10.0000     -inf      nan   60   60  120    21.48
   33 2016 10 14 06:09:56.235   22196.2345   0.0882      42.7620      13.2312      14.0000     -inf      nan   60   60  120    26.15
   34 2016 10 14 06:19:58.432   22798.4318   0.1236      42.7996      13.1637      10.0000     -inf      nan   60   60  120    37.73
   35 2016 10 14 06:23:51.350   23031.3500   0.0639      42.7420      13.1712      12.0000     -inf      nan   60   60  120    28.76
   36 2016 10 14 06:32:51.964   23571.9641   0.1469      42.6330      13.3378      12.0000     -inf      nan   60   60  120    40.93
   37 2016 10 14 06:40:17.048   24017.0483   0.0944      42.9352      13.2530      10.0000     -inf      nan   60   60  120    30.92
   38 2016 10 14 06:43:44.321   24224.3210   0.1494      42.7420      13.1912      10.0000     -inf      nan   60   60  120    21.48
   39 2016 10 14 06:55:20.418   24920.4180   0.1063      42.9621      13.1617      10.0000     -inf      nan   60   55  115    36.91
   40 2016 10 14 06:55:29.324   24929.3236   0.1377      42.6330      13.3378      10.0000     -inf      nan   60   58  118    40.93
   41 2016 10 14 06:55:54.822   24954.8216   0.1442      42.8952      13.2330       8.0000     -inf      nan   60   60  120    36.30
   42 2016 10 14 07:02:13.531   25333.5307   0.1159      42.6330      13.3378      12.0000     -inf      nan   60   60  120    40.93
   43 2016 10 14 07:05:34.084   25534.0835   0.0497      42.8190      13.2105       8.0000     -inf      nan   60   60  120    24.94
   44 2016 10 14 07:18:35.245   26315.2453   0.1257      42.8952      13.2330       8.0000     -inf      nan   60   60  120    36.30
   45 2016 10 14 07:42:59.454   27779.4537   0.1385      42.8196      13.1637       8.0000     -inf      nan   60   60  120    26.72
   46 2016 10 14 08:01:53.627   28913.6272   0.1905      42.7620      13.1712      10.0000     -inf      nan   60   60  120    21.25
   47 2016 10 14 08:06:28.079   29188.0794   0.0493      42.8560      13.0768      10.0000     -inf      nan   60   60  120    58.78
   48 2016 10 14 08:07:36.651   29256.6512   0.1842      42.7820      13.2512      10.0000     -inf      nan   60   60  120    24.00
   49 2016 10 14 08:08:28.386   29308.3861   0.0605      42.6581      13.2148      14.0000     -inf      nan   60   60  120    30.31
   50 2016 10 14 08:11:40.420   29500.4196   0.2059      42.8190      13.2105      10.0000     -inf      nan   60   60  120    24.94
   51 2016 10 14 08:23:12.257   30192.2575   0.1003      42.6530      13.3378      10.0000     -inf      nan   60   60  120    36.87
   52 2016 10 14 08:29:24.917   30564.9173   0.0628      42.6398      13.2333      12.0000     -inf      nan   60   60  120    30.10
   53 2016 10 14 08:33:50.512   30830.5119   0.1192      42.7596      13.1437      12.0000     -inf      nan   60   60  120    33.45
   54 2016 10 14 08:45:47.922   31547.9217   0.1189      42.8732      13.0615      10.0000     -inf      nan   60   60  120    56.04
   55 2016 10 14 08:56:09.903   32169.9031   0.0504      42.8647      13.0723      10.0000     -inf      nan   60   60  120    56.40
   56 2016 10 14 08:58:52.054   32332.0536   0.1646      42.8732      13.0815       6.0000     -inf      nan   60   60  120    45.42
   57 2016 10 14 09:01:21.225   32481.2253   0.1710      42.7996      13.1437       8.0000     -inf      nan   60   60  120    41.63
   58 2016 10 14 09:03:32.798   32612.7979   0.0947      42.6330      13.3178      10.0000     -inf      nan   60   60  120    36.17
   59 2016 10 14 09:21:51.285   33711.2854   0.0756      42.4489      13.0554      14.0000     -inf      nan   60   60  120   207.04
   60 2016 10 14 09:23:56.871   33836.8715   0.0408      42.4614      13.0567      12.0000     -inf      nan   60   60  120   120.10
   61 2016 10 14 09:27:33.146   34053.1464   0.1402      42.8160      13.1368      10.0000     -inf      nan   60   60  120    44.93
   62 2016 10 14 09:28:54.295   34134.2953   0.1539      42.5568      13.2797      10.0000     -inf      nan   60   60  120    33.87
   63 2016 10 14 09:39:51.539   34791.5394   0.1002      42.8952      13.2530      10.0000     -inf      nan   60   60  120    41.21
   64 2016 10 14 09:41:54.926   34914.9262   0.1491      42.8390      13.2105      10.0000     -inf      nan   60   60  120    24.55
   65 2016 10 14 09:48:28.932   35308.9324   0.1506      42.9018      13.2693      10.0000     -inf      nan   59   60  119    44.82
   66 2016 10 14 10:05:14.463   36314.4626   0.1788      42.8590      13.2305      10.0000     -inf      nan   60   60  120    23.11
   67 2016 10 14 10:24:21.550   37461.5503   0.0676      42.8952      13.2530      10.0000     -inf      nan   60   60  120    41.21
   68 2016 10 14 10:26:01.836   37561.8362   0.0548      42.8732      13.0615      10.0000     -inf      nan   60   60  120    56.04
   69 2016 10 14 10:36:05.793   38165.7927   0.1545      42.8396      13.2496      10.0000     -inf      nan   60   60  120    29.99
   70 2016 10 14 10:38:49.600   38329.6004   0.1646      42.8590      13.1705       8.0000     -inf      nan   60   60  120    30.37
   71 2016 10 14 10:56:50.041   39410.0412   0.1218      42.8190      13.1705      10.0000     -inf      nan   60   60  120    26.27
   72 2016 10 14 10:59:08.489   39548.4887   0.2030      42.7996      13.1837       8.0000     -inf      nan   56   60  116    31.08
   73 2016 10 14 11:03:22.362   39802.3619   0.1716      42.8196      13.1837       8.0000     -inf      nan   60   60  120    25.16
   74 2016 10 14 11:32:22.682   41542.6818   0.1760      42.8790      13.1505       8.0000     -inf      nan   60   60  120    27.91
   75 2016 10 14 11:43:24.699   42204.6991   0.1245      42.7796      13.1237      10.0000     -inf      nan   60   60  120    40.45
   76 2016 10 14 11:52:05.180   42725.1800   0.0363      42.8952      13.2530      10.0000     -inf      nan   60   60  120    41.21
   77 2016 10 14 12:01:15.610   43275.6099   0.0587      42.8160      13.1368      12.0000     -inf      nan   60   60  120    44.93
   78 2016 10 14 12:19:58.078   44398.0780   0.0625      42.8590      13.2505       8.0000     -inf      nan   60   60  120    23.63
   79 2016 10 14 12:26:18.038   44778.0385   0.0816      42.8390      13.1705       6.0000     -inf      nan   60   60  120    32.41
   80 2016 10 14 12:40:12.309   45612.3088   0.0918      42.8732      13.0615       8.0000     -inf      nan   60   60  120    56.04
   81 2016 10 14 12:42:39.001   45759.0006   0.0248      42.7820      13.2112      10.0000     -inf      nan   60   60  120    27.82
   82 2016 10 14 12:44:30.035   45870.0350   0.1646      42.6860      13.2473      14.0000     -inf      nan   60   60  120    20.32
   83 2016 10 14 12:48:34.314   46114.3136   0.0558      42.8732      13.0615      10.0000     -inf      nan   60   60  120    56.04
   84 2016 10 14 12:54:38.871   46478.8709   0.0986      42.6330      13.3378      12.0000     -inf      nan   60   60  120    40.93
   85 2016 10 14 13:04:38.892   47078.8922   0.1431      42.9152      13.2530       6.0000     -inf      nan   60   60  120    36.81
   86 2016 10 14 13:12:32.597   47552.5972   0.1321      42.7820      13.1912      12.0000     -inf      nan   60   60  120    31.83
   87 2016 10 14 13:18:33.894   47913.8944   0.0791      42.8732      13.0615       6.0000     -inf      nan   60   60  120    56.04
   88 2016 10 14 13:36:18.891   48978.8906   0.0551      42.8196      13.2896       8.0000     -inf      nan   60   60  120    32.16
   89 2016 10 14 13:56:52.938   50212.9384   0.2116      42.7420      13.1512      10.0000     -inf      nan   60   60  120    28.69
   90 2016 10 14 14:04:26.553   50666.5526   0.0938      42.8020      13.2112       6.0000     -inf      nan   60   60  120    22.43
   91 2016 10 14 14:28:36.610   52116.6099   0.0355      42.8560      13.0768       4.0000     -inf      nan   60   60  120    58.78
   92 2016 10 14 14:58:36.534   53916.5335   0.1812      42.7457      13.2696      10.0000     -inf      nan   60   60  120    26.54
   93 2016 10 14 15:05:45.832   54345.8322   0.1222      42.9152      13.1730       8.0000     -inf      nan   60   60  120    27.00
   94 2016 10 14 15:06:17.370   54377.3704   0.0646      42.6530      13.3378      12.0000     -inf      nan   60   60  120    36.87
   95 2016 10 14 15:10:36.517   54636.5169   0.1958      42.8390      13.1505      10.0000     -inf      nan   60   60  120    38.35
   96 2016 10 14 15:21:19.935   55279.9350   0.1796      42.7620      13.1912      12.0000     -inf      nan   60   60  120    23.06
   97 2016 10 14 15:21:49.371   55309.3710   0.0992      42.8190      13.1705       8.0000     -inf      nan   60   60  120    26.27
   98 2016 10 14 15:24:47.198   55487.1984   0.1086      42.8760      13.0768      10.0000     -inf      nan   60   60  120    45.00
   99 2016 10 14 15:34:39.378   56079.3775   0.1716      42.7596      13.1437      10.0000     -inf      nan   60   60  120    33.45
  100 2016 10 14 15:37:47.940   56267.9399   0.1202      42.8732      13.0815      10.0000     -inf      nan   60   60  120    45.42
  101 2016 10 14 15:42:09.181   56529.1807   0.0514      42.7420      13.1912      10.0000     -inf      nan   60   60  120    21.48
  102 2016 10 14 15:51:17.246   57077.2462   0.2013      42.8160      13.1368      10.0000     -inf      nan   60   60  120    44.93
  103 2016 10 14 15:59:28.842   57568.8417   0.0897      42.7420      13.1912      10.0000     -inf      nan   60   60  120    21.48
  104 2016 10 14 16:03:33.614   57813.6136   0.0908      42.8190      13.1705       8.0000     -inf      nan   60   60  120    26.27
  105 2016 10 14 16:04:15.176   57855.1762   0.1583      42.7820      13.1912      10.0000     -inf      nan   60   60  120    31.83
  106 2016 10 14 16:04:31.427   57871.4269   0.1261      42.8732      13.0615      10.0000     -inf      nan   60   60  120    56.04
  107 2016 10 14 16:13:38.140   58418.1397   0.0629      42.8732      13.0815       8.0000     -inf      nan   60   60  120    45.42
  108 2016 10 14 16:34:39.007   59679.0065   0.0610      42.7596      13.1437      12.0000     -inf      nan   60   60  120    33.45
  109 2016 10 14 16:48:52.226   60532.2261   0.1475      42.8020      13.2312       6.0000     -inf      nan   60   60  120    21.98
  110 2016 10 14 16:54:42.820   60882.8201   0.1559      42.8190      13.2105      10.0000     -inf      nan   60   60  120    24.94
  111 2016 10 14 17:17:05.281   62225.2805   0.0625      42.7420      13.1912      10.0000     -inf      nan   60   60  120    21.48
  112 2016 10 14 17:22:16.384   62536.3844   0.1494      42.8560      13.0768      10.0000     -inf      nan   60   60  120    58.78
  113 2016 10 14 17:29:51.283   62991.2827   0.1150      42.8590      13.2105       6.0000     -inf      nan   60   60  120    23.27
  114 2016 10 14 17:48:48.952   64128.9516   0.0835      42.8590      13.2305       8.0000     -inf      nan   60   60  120    23.11
  115 2016 10 14 17:50:15.939   64215.9387   0.0915      42.8590      13.2305       8.0000     -inf      nan   60   60  120    23.11
  116 2016 10 14 18:03:18.700   64998.7001   0.0671      42.6398      13.2333      14.0000     -inf      nan   60   60  120    30.10
  117 2016 10 14 18:31:18.994   66678.9939   0.0597      42.8673      13.0672      10.0000     -inf      nan   60   60  120    57.65
  118 2016 10 14 18:37:41.436   67061.4362   0.1087      42.6330      13.3378      12.0000     -inf      nan   60   60  120    40.93
  119 2016 10 14 18:42:56.554   67376.5542   0.1482      42.8590      13.2505      10.0000     -inf      nan   60   60  120    23.63
  120 2016 10 14 18:44:45.549   67485.5489   0.0656      42.8560      13.0768       8.0000     -inf      nan   60   60  120    58.78
  121 2016 10 14 18:49:18.222   67758.2222   0.0444      42.9821      13.1417      10.0000     -inf      nan   60   60  120    41.76
  122 2016 10 14 18:58:43.389   68323.3886   0.1708      42.8790      13.2305      10.0000     -inf      nan   60   60  120    31.54
  123 2016 10 14 19:15:36.410   69336.4095   0.1305      42.5568      13.2997      12.0000     -inf      nan   60   60  120    33.85
  124 2016 10 14 19:22:42.651   69762.6511   0.0705      42.5813      13.3344       6.0000     -inf      nan   60   60  120    25.14
  125 2016 10 14 19:26:39.028   69999.0282   0.0618      42.7996      13.1837      14.0000     -inf      nan   60   60  120    31.08
  126 2016 10 14 19:33:34.475   70414.4747   0.0530      42.6585      13.2992      14.0000     -inf      nan   60   60  120    28.12
  127 2016 10 14 19:50:12.210   71412.2097   0.1756      42.8790      13.2505      10.0000     -inf      nan   60   60  120    32.67
  128 2016 10 14 19:53:44.277   71624.2767   0.0589      42.8560      13.1168      10.0000     -inf      nan   60   60  120    42.34
  129 2016 10 14 19:58:46.132   71926.1322   0.1079      42.7996      13.1237      10.0000     -inf      nan   60   60  120    46.19
  130 2016 10 14 20:06:52.127   72412.1270   0.1983      42.8560      13.0768      10.0000     -inf      nan   60   60  120    58.78
  131 2016 10 14 20:12:34.219   72754.2195   0.0666      42.9152      13.2530       8.0000     -inf      nan   60   60  120    36.81
  132 2016 10 14 20:14:47.318   72887.3185   0.1742      42.8390      13.1705      10.0000     -inf      nan   60   60  120    32.41
  133 2016 10 14 20:42:08.728   74528.7280   0.0843      42.8732      13.0615       8.0000     -inf      nan   60   60  120    56.04
  134 2016 10 14 21:01:00.011   75660.0111   0.1406      42.7596      13.1437      10.0000     -inf      nan   60   60  120    33.45
  135 2016 10 14 21:05:33.638   75933.6382   0.0718      42.6167      13.2647      12.0000     -inf      nan   60   60  120    25.55
  136 2016 10 14 21:33:22.413   77602.4133   0.1154      42.7620      13.1912      12.0000     -inf      nan   60   60  120    23.06
  137 2016 10 14 21:39:10.243   77950.2425   0.1015      42.6474      13.3356      10.0000     -inf      nan   60   60  120    37.69
  138 2016 10 14 21:42:32.005   78152.0047   0.1106      42.8590      13.2505       8.0000     -inf      nan   60   60  120    23.63
  139 2016 10 14 21:45:46.751   78346.7512   0.1681      42.7620      13.1912      12.0000     -inf      nan   60   60  120    23.06
  140 2016 10 14 21:48:51.431   78531.4312   0.0907      42.8732      13.0615      10.0000     -inf      nan   60   60  120    56.04
  141 2016 10 14 21:52:48.434   78768.4339   0.0784      42.8732      13.0415      10.0000     -inf      nan   60   60  120    76.02
  142 2016 10 14 22:02:38.033   79358.0327   0.0233      42.8020      13.2312      12.0000     -inf      nan   60   60  120    21.98
  143 2016 10 14 22:12:47.246   79967.2464   0.1945      42.7596      13.1437      12.0000     -inf      nan   60   60  120    33.45
  144 2016 10 14 22:24:41.811   80681.8109   0.1757      42.7420      13.1912      12.0000     -inf      nan   60   60  120    21.48
  145 2016 10 14 22:31:44.420   81104.4204   0.1378      42.8196      13.1637      10.0000     -inf      nan   60   60  120    26.72
  146 2016 10 14 22:33:33.048   81213.0476   0.1788      42.7420      13.1912      14.0000     -inf      nan   60   60  120    21.48
  147 2016 10 14 22:42:25.166   81745.1660   0.0761      42.8732      13.0615       8.0000     -inf      nan   60   60  120    56.04
  148 2016 10 14 23:08:24.164   83304.1645   0.0879      42.7620      13.1912      10.0000     -inf      nan   60   60  120    23.06
  149 2016 10 14 23:27:18.821   84438.8210   0.1635      42.8790      13.2505      10.0000     -inf      nan   60   60  120    32.67
  150 2016 10 14 23:35:16.557   84916.5570   0.0644      42.8732      13.0615       8.0000     -inf      nan   60   60  120    56.04
  151 2016 10 14 23:56:30.071   86190.0706   0.0849      42.8196      13.2696      10.0000     -inf      nan   60   60  120    29.76
