    1 2016 10 14 00:00:09.264       9.2637   0.2931      42.8020      13.2112       6.0000    0.908    0.244   34   18   52
    2 2016 10 14 00:01:50.173     110.1727   0.2171      42.7420      13.1912       4.0000    0.561    0.784   16   16   32
    3 2016 10 14 00:02:37.393     157.3933   0.2660      42.6530      13.2778      12.0000    0.517    0.302   16   25   41
    4 2016 10 14 00:03:42.834     222.8341   0.2209      42.8190      13.2105       6.0000    0.195    0.274    6   12   18
    5 2016 10 14 00:04:25.806     265.8058   0.2349      42.5768      13.2797      12.0000    0.618    0.453   20   26   46
    6 2016 10 14 00:04:53.088     293.0875   0.2761      42.8952      13.2330       4.0000    0.749    0.378   12   25   37
    7 2016 10 14 00:05:17.246     317.2458   0.2343      42.7620      13.1912       6.0000    0.451    0.451    8   10   18
    8 2016 10 14 00:08:00.046     480.0463   0.3209      42.6367      13.2247      10.0000    0.486    0.424   14   16   30
    9 2016 10 14 00:08:30.607     510.6067   0.3036      42.7760      13.1768       6.0000    0.630    0.988   13   13   26
   10 2016 10 14 00:09:02.965     542.9648   0.1755      42.6785      13.3192      12.0000    0.285    0.585    7   13   20
   11 2016 10 14 00:10:23.906     623.9059   0.3342      42.7396      13.1896       2.0000    0.776    0.241   21   26   47
   12 2016 10 14 00:12:04.643     724.6432   0.2430      43.0390      13.0898       0.0000    2.139    0.903   22    1   23
   13 2016 10 14 00:12:10.032     730.0315   0.2358      42.7396      13.1837       0.0000    1.415    0.354   45   10   55
   14 2016 10 14 00:14:43.409     883.4086   0.1777      42.8226      13.3462      16.0000    0.527    0.296    6   16   22
   15 2016 10 14 00:17:10.415    1030.4152   0.2568      42.8590      13.1705       4.0000    0.893    0.369   22    8   30
   16 2016 10 14 00:19:50.215    1190.2151   0.2266      42.8226      13.3462      16.0000    0.734    0.293   20   30   50
   17 2016 10 14 00:20:41.543    1241.5435   0.2613      42.8760      13.0768       2.0000    0.601    0.216   13   18   31
   18 2016 10 14 00:21:36.712    1296.7124   0.3308      42.8732      13.0815       0.0000    0.562    0.400    5   19   24
   19 2016 10 14 00:21:47.149    1307.1492   0.3448      42.8390      13.1705       2.0000    0.816    0.209    5   11   16
   20 2016 10 14 00:22:04.348    1324.3480   0.2177      42.8952      13.2330       2.0000    0.505    0.409    5   19   24
   21 2016 10 14 00:25:29.044    1529.0444   0.1747      42.8360      13.1568       8.0000    0.655    0.273   20   19   39
   22 2016 10 14 00:25:56.834    1556.8338   0.2120      42.8732      13.0815       2.0000    0.611    0.319    7   18   25
   23 2016 10 14 00:26:43.709    1603.7088   0.2633      42.8590      13.2505       4.0000    0.398    0.227    5   11   16
   24 2016 10 14 00:28:25.346    1705.3463   0.2735      42.7420      13.1912       2.0000    0.918    0.232   32   19   51
   25 2016 10 14 00:29:29.662    1769.6623   0.1917      42.8952      13.2530       4.0000    0.330    0.230    5   14   19
   26 2016 10 14 00:32:46.233    1966.2329   0.2112      42.7420      13.1912       4.0000    0.435    0.325   10   14   24
   27 2016 10 14 00:33:27.048    2007.0477   0.2416      42.7420      13.1912       2.0000    0.687    0.221   18   24   42
   28 2016 10 14 00:36:21.962    2181.9625   0.2164      42.7620      13.2312       8.0000    0.476    0.334    7   18   25
   29 2016 10 14 00:37:20.826    2240.8261   0.1498      42.7420      13.1912       4.0000    0.406    0.317    9    9   18
   30 2016 10 14 00:38:33.548    2313.5475   0.2149      42.8952      13.2330       4.0000    0.520    0.237    8   17   25
   31 2016 10 14 00:41:27.068    2487.0679   0.3018      42.8821      13.2417       6.0000    0.469    0.125    6   11   17
   32 2016 10 14 00:41:49.386    2509.3859   0.2558      42.8760      13.0768       2.0000    0.356    0.245    6   11   17
   33 2016 10 14 00:42:01.324    2521.3237   0.3008      42.6585      13.2792      10.0000    0.406    0.608    8   17   25
   34 2016 10 14 00:42:19.366    2539.3659   0.2661      42.7820      13.1912       6.0000    0.731    0.256   21   25   46
   35 2016 10 14 00:43:21.366    2601.3659   0.1818      42.8732      13.0815       2.0000    0.464    0.276   10    8   18
   36 2016 10 14 00:43:35.937    2615.9369   0.2794      42.7820      13.2512       4.0000    0.680    0.320    9   11   20
   37 2016 10 14 00:44:49.190    2689.1897   0.2114      42.7460      13.1873       4.0000    0.761    0.219   21   15   36
   38 2016 10 14 00:46:25.889    2785.8894   0.2035      42.9221      13.1417       8.0000    0.506    0.395   13   15   28
   39 2016 10 14 00:48:55.629    2935.6288   0.2694      42.8560      13.1368       0.0000    0.986    0.283   22   13   35
   40 2016 10 14 00:50:09.176    3009.1763   0.3559      42.7420      13.1912       2.0000    0.395    0.326    5   15   20
   41 2016 10 14 00:51:09.408    3069.4085   0.2323      42.8226      13.3662      18.0000    0.621    0.413    7   25   32
   42 2016 10 14 00:53:27.377    3207.3769   0.2284      42.6981      13.1748       8.0000    0.538    0.302   17   23   40
   43 2016 10 14 00:57:59.035    3479.0347   0.1868      42.6581      13.2148      10.0000    0.345    0.450   11   16   27
   44 2016 10 14 00:59:11.121    3551.1205   0.1603      42.7996      13.1437      10.0000    0.372    0.306   12   14   26
   45 2016 10 14 00:59:41.624    3581.6241   0.2224      42.7420      13.1712       2.0000    0.643    0.293   20   12   32
   46 2016 10 14 01:02:20.752    3740.7517   0.2683      42.8360      13.1168       6.0000    0.694    0.531    8   13   21
   47 2016 10 14 01:02:40.101    3760.1013   0.2166      42.6581      13.2148      12.0000    0.234    0.389    8   13   21
   48 2016 10 14 01:05:35.299    3935.2990   0.1571      42.9532      12.8615       8.0000    0.637    0.310    6   15   21
   49 2016 10 14 01:09:01.456    4141.4558   0.2414      42.7620      13.1912       6.0000    0.257    0.419    4   12   16
   50 2016 10 14 01:13:12.358    4392.3579   0.3001      42.8196      13.1837       2.0000    0.474    0.263    6   11   17
   51 2016 10 14 01:15:38.753    4538.7533   0.2338      42.9018      13.2493       0.0000    1.002    0.236   27   17   44
   52 2016 10 14 01:16:39.817    4599.8166   0.2899      42.8560      13.0768       4.0000    0.602    0.223    8   15   23
   53 2016 10 14 01:19:17.726    4757.7260   0.2162      42.8790      13.1905       0.0000    0.924    0.240   23   22   45
   54 2016 10 14 01:20:15.319    4815.3193   0.2404      42.7420      13.1912       4.0000    0.556    0.350   15   17   32
   55 2016 10 14 01:20:41.456    4841.4557   0.2523      42.8190      13.1905       8.0000    0.713    0.286   22   23   45
   56 2016 10 14 01:21:02.563    4862.5625   0.2183      42.7420      13.1912       4.0000    0.476    0.335    9   13   22
   57 2016 10 14 01:22:33.044    4953.0437   0.2633      42.8590      13.2505       4.0000    0.453    0.263    6   18   24
   58 2016 10 14 01:22:39.096    4959.0959   0.2136      42.6013      13.3344       6.0000    0.422    0.319   10    8   18
   59 2016 10 14 01:25:00.339    5100.3388   0.2749      42.7620      13.2112       8.0000    0.177    0.523    7   13   20
   60 2016 10 14 01:25:51.456    5151.4558   0.2385      42.7420      13.1912       4.0000    0.284    0.328    8    8   16
   61 2016 10 14 01:26:58.406    5218.4057   0.2920      43.0884      13.3911       8.0000    1.044    0.376    9    8   17
   62 2016 10 14 01:27:04.177    5224.1768   0.3265      42.7760      13.1968       4.0000    0.589    0.331   10   16   26
   63 2016 10 14 01:29:25.538    5365.5379   0.2538      42.8390      13.1505       4.0000    0.891    0.292   23   19   42
   64 2016 10 14 01:30:54.951    5454.9507   0.2298      42.7796      13.1437       0.0000    0.586    0.272   11    6   17
   65 2016 10 14 01:31:40.785    5500.7847   0.2362      42.8590      13.2505       2.0000    0.928    0.306   32   15   47
   66 2016 10 14 01:33:36.909    5616.9086   0.1554      42.8790      13.2505       4.0000    0.435    0.171    8   13   21
   67 2016 10 14 01:35:49.628    5749.6275   0.2722      42.7820      13.2112       4.0000    0.534    0.303    7   12   19
   68 2016 10 14 01:36:34.513    5794.5127   0.3028      42.8990      13.2298       0.0000    0.646    0.263   11   15   26
   69 2016 10 14 01:36:57.218    5817.2184   0.2153      42.8190      13.1905       6.0000    0.344    0.248    7   16   23
   70 2016 10 14 01:37:22.630    5842.6302   0.1625      42.8732      13.0615       8.0000    0.653    0.231   15   17   32
   71 2016 10 14 01:40:03.905    6003.9047   0.2942      42.8396      13.2696       4.0000    0.528    0.210   10    8   18
   72 2016 10 14 01:45:57.572    6357.5719   0.1997      42.8489      12.9797       6.0000    0.882    0.221   18   17   35
   73 2016 10 14 01:46:32.941    6392.9406   0.2401      42.8952      13.2330       4.0000    1.058    0.298   23   21   44
   74 2016 10 14 01:50:44.123    6644.1225   0.2578      42.7420      13.1912       4.0000    0.422    0.338   10   11   21
   75 2016 10 14 01:51:08.847    6668.8473   0.2657      42.8990      13.2505       2.0000    0.484    0.233    6   15   21
   76 2016 10 14 01:52:14.936    6734.9357   0.2992      42.7796      13.1437      10.0000    0.539    0.490   11   25   36
   77 2016 10 14 01:52:34.599    6754.5986   0.4286      42.8952      13.2530      12.0000    0.445    0.317    6   15   21
   78 2016 10 14 01:55:06.846    6906.8463   0.2158      42.8190      13.2105       4.0000    0.558    0.381    5   12   17
   79 2016 10 14 01:55:57.616    6957.6163   0.2426      42.8990      13.2505       2.0000    0.395    0.229    5   15   20
   80 2016 10 14 01:56:13.873    6973.8725   0.2326      42.8590      13.2505      16.0000    0.634    0.367   13   32   45
   81 2016 10 14 02:01:17.091    7277.0905   0.2591      42.6198      13.2533      10.0000    0.647    0.392   20   12   32
   82 2016 10 14 02:01:51.051    7311.0510   0.1140      43.0273      12.9672      10.0000    0.620    0.304    6   10   16
   83 2016 10 14 02:02:15.887    7335.8872   0.3072      42.8790      13.2505       4.0000    0.630    0.358    7   23   30
   84 2016 10 14 02:03:10.898    7390.8983   0.2302      42.6567      13.2847       6.0000    0.397    0.334    9   10   19
   85 2016 10 14 02:04:24.510    7464.5096   0.2353      42.8952      13.2530       2.0000    1.462    0.341   40   21   61
   86 2016 10 14 02:05:21.637    7521.6367   0.1713      42.9332      13.0615      10.0000    0.637    0.241    9   19   28
   87 2016 10 14 02:07:57.427    7677.4268   0.2555      42.8190      13.2305       2.0000    0.597    0.248   16   21   37
   88 2016 10 14 02:10:14.362    7814.3620   0.3076      42.8990      13.2305       0.0000    0.704    0.409    8   18   26
   89 2016 10 14 02:11:27.312    7887.3118   0.2543      42.5515      13.2370       0.0000    0.308    0.234    8   11   19
   90 2016 10 14 02:13:46.999    8026.9989   0.2305      42.6530      13.3378       8.0000    0.442    0.355   15   21   36
   91 2016 10 14 02:19:36.096    8376.0964   0.2582      42.7420      13.1912       2.0000    1.207    0.262   40    8   48
   92 2016 10 14 02:21:17.937    8477.9374   0.2673      42.7420      13.2112       4.0000    0.510    0.439    7   11   18
   93 2016 10 14 02:28:49.395    8929.3952   0.2662      42.6381      13.2348      12.0000    0.354    0.515   11   19   30
   94 2016 10 14 02:30:46.865    9046.8652   0.2889      42.8020      13.2112       4.0000    0.650    0.236   10   20   30
   95 2016 10 14 02:31:46.667    9106.6675   0.2255      42.7420      13.1712       4.0000    0.244    0.311    9   11   20
   96 2016 10 14 02:33:17.379    9197.3790   0.2556      42.9018      13.2493       2.0000    0.413    0.318    7   12   19
   97 2016 10 14 02:36:06.087    9366.0875   0.1055      42.5613      13.2944       6.0000    0.393    0.430   10   10   20
   98 2016 10 14 02:43:38.113    9818.1134   0.1847      42.7620      13.1312      10.0000    0.756    0.310   24   19   43
   99 2016 10 14 02:44:24.080    9864.0803   0.2596      42.8818      13.2493       0.0000    0.867    0.350   22   20   42
  100 2016 10 14 02:46:18.098    9978.0984   0.3615      42.7820      13.2112       6.0000    0.528    0.346   10   16   26
  101 2016 10 14 02:46:32.154    9992.1537   0.2092      42.7420      13.1912       4.0000    0.601    0.306   11   17   28
  102 2016 10 14 02:54:23.795   10463.7949   0.2377      42.7420      13.1912       0.0000    1.298    0.344   38    8   46
  103 2016 10 14 02:56:22.660   10582.6602   0.3442      42.8818      13.2493       2.0000    0.444    0.228    5   12   17
  104 2016 10 14 03:00:00.465   10800.4650   0.2046      42.5813      13.3544       8.0000    0.431    0.383   14   16   30
  105 2016 10 14 03:00:53.573   10853.5725   0.3779      42.8132      13.0415       6.0000    0.654    0.347    5   11   16
  106 2016 10 14 03:01:55.387   10915.3869   0.3484      42.7420      13.1712       2.0000    0.508    0.411   12   21   33
  107 2016 10 14 03:02:27.191   10947.1912   0.2585      42.8860      13.1473       4.0000    0.789    0.226   22   21   43
  108 2016 10 14 03:03:55.084   11035.0836   0.2364      42.8560      13.0968       2.0000    0.705    0.191   17   16   33
  109 2016 10 14 03:04:14.906   11054.9060   0.2756      42.8560      13.1568       8.0000    0.902    0.342   13   14   27
  110 2016 10 14 03:06:42.867   11202.8667   0.2223      42.8360      13.1568       8.0000    0.732    0.332   28   27   55
  111 2016 10 14 03:11:03.233   11463.2329   0.3087      42.6581      13.1548      10.0000    0.372    0.522    6   14   20
  112 2016 10 14 03:12:47.732   11567.7319   0.2916      42.8340      13.1457       6.0000    0.297    0.408    6   11   17
  113 2016 10 14 03:13:47.512   11627.5123   0.2702      42.7060      13.1873      10.0000    0.609    0.312   18   21   39
  114 2016 10 14 03:15:47.937   11747.9371   0.2581      42.8190      13.2105       6.0000    0.498    0.313    6   16   22
  115 2016 10 14 03:17:25.883   11845.8829   0.3139      42.8732      13.0815       0.0000    0.628    0.244   11   12   23
  116 2016 10 14 03:18:52.945   11932.9448   0.1791      42.8760      13.2368       2.0000    1.585    0.458   38    5   43
  117 2016 10 14 03:20:17.145   12017.1452   0.1582      42.8590      13.2305       2.0000    0.472    0.228    8    9   17
  118 2016 10 14 03:21:02.820   12062.8199   0.2486      42.8190      13.2105       6.0000    0.442    0.282    7   15   22
  119 2016 10 14 03:25:34.299   12334.2986   0.2993      42.8552      13.0730       4.0000    0.807    0.267   11   18   29
  120 2016 10 14 03:29:47.446   12587.4462   0.2799      42.8020      13.2512       4.0000    0.625    0.267    5   15   20
  121 2016 10 14 03:31:33.417   12693.4173   0.3499      42.6581      13.1748      12.0000    0.596    0.569    9   21   30
  122 2016 10 14 03:35:25.858   12925.8576   0.2865      42.8732      13.0815       4.0000    0.327    0.220    6   11   17
  123 2016 10 14 03:36:04.235   12964.2349   0.2265      42.8396      13.3096       0.0000    1.532    0.343   35    8   43
  124 2016 10 14 03:36:48.100   13008.0998   0.2992      42.7581      13.2748      16.0000    0.343    0.526    5   12   17
  125 2016 10 14 03:37:36.683   13056.6832   0.3261      42.9352      13.1930       6.0000    0.586    0.309    6   21   27
  126 2016 10 14 03:38:27.015   13107.0151   0.3084      42.8020      13.1712       4.0000    0.721    0.256   15   13   28
  127 2016 10 14 03:38:57.630   13137.6303   0.2098      42.8952      13.2330       4.0000    0.600    0.208    8   18   26
  128 2016 10 14 03:40:02.156   13202.1560   0.2889      42.7740      13.1472       2.0000    0.818    0.187    9   12   21
  129 2016 10 14 03:41:28.243   13288.2433   0.2647      42.7420      13.2112       4.0000    0.733    0.487   10   17   27
  130 2016 10 14 03:42:37.738   13357.7381   0.3090      42.7540      13.1472      10.0000    0.406    0.355    7   11   18
  131 2016 10 14 03:43:00.542   13380.5415   0.2375      42.8732      13.0615       4.0000    0.824    0.283   16   19   35
  132 2016 10 14 03:44:48.899   13488.8992   0.2392      42.9018      13.2693       4.0000    0.566    0.206    7   15   22
  133 2016 10 14 03:48:22.060   13702.0602   0.2158      42.7325      13.1777      10.0000    0.357    0.501    6   15   21
  134 2016 10 14 03:50:32.404   13832.4040   0.3507      42.8020      13.2312       2.0000    0.482    0.397    6   12   18
  135 2016 10 14 03:51:00.551   13860.5508   0.2110      42.7420      13.1712       8.0000    0.399    0.544    6   11   17
  136 2016 10 14 03:54:34.009   14074.0088   0.2897      42.5813      13.3544       6.0000    0.155    0.330    8    8   16
  137 2016 10 14 03:56:56.979   14216.9793   0.2787      42.8190      13.2105       2.0000    0.605    0.193    9   15   24
  138 2016 10 14 04:01:22.859   14482.8587   0.2435      42.7396      13.1837       2.0000    0.755    0.257   24   16   40
  139 2016 10 14 04:03:30.473   14610.4728   0.2694      42.9018      13.2493       0.0000    1.179    0.342   36    9   45
  140 2016 10 14 04:07:14.733   14834.7335   0.2420      42.8732      13.0615       4.0000    0.397    0.332    7   12   19
  141 2016 10 14 04:08:05.493   14885.4928   0.2716      42.8390      13.0905       6.0000    0.469    0.244    7   13   20
  142 2016 10 14 04:09:20.391   14960.3910   0.2953      42.6330      13.2978       2.0000    3.427    0.540   34   15   49
  143 2016 10 14 04:11:55.142   15115.1420   0.2066      42.6330      13.3378      10.0000    0.530    0.696    6   10   16
  144 2016 10 14 04:12:34.038   15154.0378   0.2041      42.6330      13.3378      10.0000    0.412    0.573   10   15   25
  145 2016 10 14 04:14:05.334   15245.3340   0.2458      42.6530      13.3378       8.0000    0.619    0.375   13   25   38
  146 2016 10 14 04:14:30.025   15270.0249   0.2808      42.6330      13.3178      10.0000    0.363    0.492    7   19   26
  147 2016 10 14 04:15:01.298   15301.2980   0.2984      42.6567      13.3447       6.0000    0.579    0.414   13   20   33
  148 2016 10 14 04:15:18.716   15318.7157   0.2227      42.6530      13.3378       8.0000    0.545    0.512    9   14   23
  149 2016 10 14 04:16:46.271   15406.2713   0.3093      42.8220      13.1512       8.0000    0.663    0.244   18   26   44
  150 2016 10 14 04:17:28.611   15448.6106   0.2512      42.8818      13.2493       4.0000    1.405    0.405   31   23   54
  151 2016 10 14 04:18:27.697   15507.6969   0.2489      42.6530      13.3378       8.0000    0.667    0.341   12   22   34
  152 2016 10 14 04:18:44.099   15524.0987   0.2471      42.6530      13.3378      10.0000    0.441    0.484    8   13   21
  153 2016 10 14 04:19:21.544   15561.5440   0.2212      42.6530      13.3378       8.0000    0.186    0.443    6   11   17
  154 2016 10 14 04:19:46.128   15586.1279   0.3136      42.7581      13.1348       2.0000    0.709    0.332    5   12   17
  155 2016 10 14 04:21:11.596   15671.5962   0.1956      42.6530      13.3378       8.0000    0.339    0.379   10   13   23
  156 2016 10 14 04:21:42.728   15702.7276   0.3498      42.6930      13.3378      12.0000    0.760    0.595    6   18   24
  157 2016 10 14 04:21:48.349   15708.3487   0.1789      42.8596      13.2696       4.0000    0.658    0.228   10   16   26
  158 2016 10 14 04:24:24.061   15864.0607   0.1562      42.6530      13.3378       8.0000    0.322    0.418    9   13   22
  159 2016 10 14 04:25:05.051   15905.0508   0.2377      42.6530      13.3378      10.0000    0.667    0.474    8   16   24
  160 2016 10 14 04:25:40.647   15940.6474   0.2401      42.9152      13.1930       6.0000    0.382    0.528    5   13   18
  161 2016 10 14 04:27:00.831   16020.8312   0.2538      42.6585      13.3392      10.0000    0.449    0.514    7   14   21
  162 2016 10 14 04:28:27.886   16107.8859   0.2650      42.6330      13.3378      10.0000    0.947    0.361   26   27   53
  163 2016 10 14 04:29:13.920   16153.9200   0.2507      42.6530      13.3378       8.0000    0.668    0.324   15   26   41
  164 2016 10 14 04:32:02.918   16322.9184   0.3393      42.7398      13.2533       2.0000    0.571    0.481    8    9   17
  165 2016 10 14 04:33:10.061   16390.0612   0.2230      42.6530      13.3378      10.0000    0.382    0.498    6   10   16
  166 2016 10 14 04:34:13.279   16453.2793   0.1871      42.6530      13.3378      10.0000    0.415    0.439    7   13   20
  167 2016 10 14 04:35:27.501   16527.5005   0.2547      42.6981      13.1948       8.0000    0.626    0.268   13   20   33
  168 2016 10 14 04:36:25.542   16585.5416   0.1910      42.6530      13.3378       8.0000    0.417    0.350   10   13   23
  169 2016 10 14 04:37:40.006   16660.0065   0.2337      42.8790      13.2505       2.0000    0.400    0.168    4   13   17
  170 2016 10 14 04:40:18.837   16818.8374   0.2007      42.8760      13.0768       2.0000    0.525    0.218    6   11   17
  171 2016 10 14 04:40:47.930   16847.9301   0.2478      42.8590      13.1505       2.0000    0.538    0.312    8   11   19
  172 2016 10 14 04:43:16.432   16996.4323   0.2994      42.6530      13.3178       8.0000    0.429    0.391    9   17   26
  173 2016 10 14 04:44:08.145   17048.1452   0.3916      42.7396      13.1837      16.0000    0.804    0.422    7   14   21
  174 2016 10 14 04:44:55.601   17095.6015   0.2821      42.8821      13.1417       2.0000    0.359    0.178   10   13   23
  175 2016 10 14 04:45:18.519   17118.5188   0.2952      42.7325      13.1777       6.0000    0.810    0.370   16   16   32
  176 2016 10 14 04:45:42.168   17142.1676   0.2615      42.7596      13.1637      10.0000    0.786    0.344   16   17   33
  177 2016 10 14 04:50:01.958   17401.9583   0.2128      42.7125      13.1577       0.0000    1.120    0.550   32    8   40
  178 2016 10 14 04:50:52.331   17452.3311   0.2737      42.5768      13.2997       4.0000    0.823    0.395   18   15   33
  179 2016 10 14 04:51:46.429   17506.4292   0.3020      42.7709      13.1560       2.0000    1.005    0.263   26   23   49
  180 2016 10 14 04:54:03.903   17643.9028   0.2315      42.6367      13.3247      10.0000    0.599    0.386    9   17   26
  181 2016 10 14 04:54:44.185   17684.1851   0.1978      42.6530      13.3378       8.0000    0.417    0.430    9   10   19
  182 2016 10 14 04:55:22.222   17722.2217   0.2491      42.8732      13.0615       4.0000    0.753    0.245   13   15   28
  183 2016 10 14 04:56:05.474   17765.4742   0.1829      42.6530      13.3378       8.0000    0.547    0.298   13   17   30
  184 2016 10 14 04:59:57.861   17997.8606   0.2267      42.6530      13.3378       8.0000    0.431    0.377   11   17   28
  185 2016 10 14 05:00:35.997   18035.9967   0.2460      42.7996      13.2437      12.0000    0.490    0.381    7   14   21
  186 2016 10 14 05:05:11.492   18311.4921   0.3211      42.6330      13.3378      10.0000    0.782    0.425   15   28   43
  187 2016 10 14 05:08:48.196   18528.1959   0.2959      42.6330      13.3378      10.0000    0.695    0.438   15   27   42
  188 2016 10 14 05:10:39.516   18639.5162   0.2433      42.6330      13.3378       8.0000    0.511    0.628   11   10   21
  189 2016 10 14 05:12:50.631   18770.6308   0.1997      42.6530      13.3378      10.0000    0.423    0.341    7   15   22
  190 2016 10 14 05:15:04.066   18904.0657   0.2214      42.6330      13.3378      10.0000    0.469    0.565    9   14   23
  191 2016 10 14 05:15:55.252   18955.2521   0.3213      42.8760      13.0768       4.0000    0.476    0.523    8   12   20
  192 2016 10 14 05:16:01.705   18961.7048   0.2129      42.6530      13.3378      10.0000    0.936    0.295   18   22   40
  193 2016 10 14 05:16:15.544   18975.5440   0.2289      42.8732      12.9815       4.0000    1.022    0.320    6   13   19
  194 2016 10 14 05:17:41.500   19061.4999   0.2360      42.8360      13.1568       4.0000    0.772    0.367   19   19   38
  195 2016 10 14 05:21:02.840   19262.8399   0.3278      42.7420      13.2112      10.0000    0.492    0.479    7   21   28
  196 2016 10 14 05:21:19.643   19279.6428   0.2575      42.6530      13.3378       8.0000    0.946    0.236   21   25   46
  197 2016 10 14 05:22:32.094   19352.0942   0.2374      42.6530      13.3378       8.0000    0.511    0.302    6   12   18
  198 2016 10 14 05:22:53.730   19373.7296   0.2562      42.8732      13.0815       2.0000    1.118    0.778   19   21   40
  199 2016 10 14 05:27:25.006   19645.0062   0.2531      42.7796      13.1437       0.0000    1.544    0.367   42    5   47
  200 2016 10 14 05:29:24.636   19764.6359   0.1997      42.8760      13.0768       2.0000    0.731    0.209   17   16   33
  201 2016 10 14 05:30:56.626   19856.6263   0.2848      42.7540      13.1672       4.0000    0.446    0.339    8   13   21
  202 2016 10 14 05:36:12.855   20172.8554   0.1816      42.8732      13.0815       4.0000    0.659    0.267   11   15   26
  203 2016 10 14 05:37:44.383   20264.3834   0.2515      42.6925      13.1177      12.0000    0.689    0.334   21   21   42
  204 2016 10 14 05:38:53.032   20333.0315   0.1790      42.8732      13.0615       4.0000    0.530    0.247    7   14   21
  205 2016 10 14 05:41:39.144   20499.1436   0.1773      42.8732      13.0815       4.0000    0.655    0.197   11   14   25
  206 2016 10 14 05:43:08.524   20588.5237   0.1813      42.8560      13.0968      10.0000    0.710    0.312   13   20   33
  207 2016 10 14 05:43:41.919   20621.9189   0.3117      42.7198      13.1533       2.0000    0.710    0.215   12    8   20
  208 2016 10 14 05:46:04.660   20764.6596   0.1880      42.6530      13.3378       8.0000    0.409    0.466    8   10   18
  209 2016 10 14 05:50:17.364   21017.3639   0.3267      42.7990      13.2705      12.0000    0.457    0.222    7    8   15
  210 2016 10 14 05:50:38.976   21038.9762   0.3708      42.4460      13.3674      12.0000    1.822    0.924    6   16   22
  211 2016 10 14 05:50:48.822   21048.8222   0.2251      42.7420      13.2312       6.0000    1.667    0.389   45   20   65
  212 2016 10 14 05:51:52.107   21112.1075   0.2091      42.8226      13.3662      16.0000    0.666    0.455    6   12   18
  213 2016 10 14 05:52:19.009   21139.0091   0.2247      42.6255      13.2328      10.0000    0.520    0.495    9   19   28
  214 2016 10 14 05:54:11.371   21251.3708   0.2814      42.7460      13.1873       4.0000    0.743    0.293   13   20   33
  215 2016 10 14 05:56:08.527   21368.5267   0.2514      42.7420      13.1912       4.0000    0.777    0.240   16   22   38
  216 2016 10 14 05:58:34.093   21514.0926   0.2094      42.8732      13.0615       4.0000    0.565    0.209    8   10   18
  217 2016 10 14 05:59:54.960   21594.9600   0.2944      42.7620      13.1912       4.0000    0.414    0.555    7   11   18
  218 2016 10 14 06:02:04.479   21724.4790   0.2542      42.7420      13.1912       4.0000    0.898    0.238   19   17   36
  219 2016 10 14 06:06:08.711   21968.7115   0.1566      42.5968      13.2997       6.0000    0.463    0.409   12    7   19
  220 2016 10 14 06:08:09.723   22089.7231   0.2815      42.6530      13.3378       6.0000    0.401    0.464    8   12   20
  221 2016 10 14 06:09:11.928   22151.9278   0.3103      42.6330      13.3178      12.0000    0.348    0.638    7   13   20
  222 2016 10 14 06:09:57.244   22197.2443   0.1723      42.7620      13.2312      10.0000    0.690    0.318   21   20   41
  223 2016 10 14 06:14:23.656   22463.6558   0.2627      42.6530      13.3378       8.0000    0.711    0.343   14   20   34
  224 2016 10 14 06:19:59.192   22799.1920   0.2213      42.8160      13.1568       8.0000    1.106    0.319   36   18   54
  225 2016 10 14 06:21:55.845   22915.8447   0.2896      42.7420      13.1712       4.0000    0.600    0.309   16   18   34
  226 2016 10 14 06:23:52.126   23032.1260   0.2085      42.7460      13.1673      10.0000    1.045    0.300   29   20   49
  227 2016 10 14 06:25:44.224   23144.2236   0.2829      42.6413      13.3344       8.0000    0.377    0.478    7   15   22
  228 2016 10 14 06:26:22.009   23182.0091   0.2129      42.6585      13.3392       6.0000    0.274    0.368    6   12   18
  229 2016 10 14 06:27:38.903   23258.9026   0.2217      42.7420      13.1912       4.0000    0.573    0.432    9   13   22
  230 2016 10 14 06:28:04.035   23284.0352   0.2400      42.7420      13.1912       4.0000    0.551    0.337    9   12   21
  231 2016 10 14 06:30:44.451   23444.4507   0.2357      42.7420      13.1712      10.0000    0.489    0.434    7   12   19
  232 2016 10 14 06:31:52.361   23512.3612   0.2216      42.6781      13.1948       8.0000    0.492    0.201    8   15   23
  233 2016 10 14 06:32:53.023   23573.0228   0.2215      42.6530      13.3378       8.0000    0.856    0.250   21   23   44
  234 2016 10 14 06:33:41.340   23621.3405   0.2309      42.8952      13.2530       4.0000    0.685    0.221    7   16   23
  235 2016 10 14 06:37:24.575   23844.5751   0.3160      42.8790      13.2105       0.0000    0.712    0.274    9   10   19
  236 2016 10 14 06:40:10.476   24010.4764   0.3761      42.6707      13.3142      10.0000    0.468    0.746    4   14   18
  237 2016 10 14 06:40:18.004   24018.0036   0.3385      42.9284      13.2711       2.0000    0.890    0.181   12   12   24
  238 2016 10 14 06:43:45.302   24225.3018   0.2924      42.7420      13.1912       2.0000    0.896    0.217   21   18   39
  239 2016 10 14 06:48:50.179   24530.1787   0.2745      42.7420      13.1912       4.0000    0.781    0.348   12   14   26
  240 2016 10 14 06:55:21.317   24921.3173   0.3280      42.9621      13.1617       4.0000    0.950    0.444    5   21   26
  241 2016 10 14 06:55:29.807   24929.8067   0.1949      42.6530      13.3378      10.0000    0.998    0.228   18   17   35
  242 2016 10 14 06:57:33.434   25053.4343   0.1812      42.8732      13.0815       2.0000    0.671    0.235   11   13   24
  243 2016 10 14 07:02:14.538   25334.5380   0.2465      42.6530      13.3378       8.0000    0.905    0.276   24   13   37
  244 2016 10 14 07:04:27.697   25467.6971   0.2769      42.7420      13.1912       4.0000    0.579    0.352   11   11   22
  245 2016 10 14 07:05:35.009   25535.0093   0.2355      42.8190      13.2105       4.0000    0.873    0.359   12   26   38
  246 2016 10 14 07:16:05.588   26165.5876   0.2225      42.8190      13.2305       2.0000    0.748    0.258    7   11   18
  247 2016 10 14 07:18:36.324   26316.3243   0.2465      42.8952      13.2330       4.0000    0.796    0.208    7   18   25
  248 2016 10 14 07:20:48.741   26448.7406   0.1963      42.6530      13.3378       8.0000    0.550    0.395   11   14   25
  249 2016 10 14 07:32:18.494   27138.4941   0.2657      42.6330      13.3378       8.0000    0.548    0.688    8   10   18
  250 2016 10 14 07:33:56.069   27236.0691   0.2761      42.8160      13.1568      10.0000    0.787    0.276   19   22   41
  251 2016 10 14 07:42:09.302   27729.3020   0.2036      42.8732      13.2215       0.0000    0.849    0.249    9   11   20
  252 2016 10 14 07:43:00.676   27780.6762   0.2325      42.8390      13.1505       4.0000    0.993    0.285   25   22   47
  253 2016 10 14 07:48:47.949   28127.9494   0.2038      42.6055      13.2128      10.0000    0.569    0.470    8   11   19
  254 2016 10 14 08:01:48.388   28908.3880   0.2332      43.0893      12.9702       4.0000    1.539    0.479   15    3   18
  255 2016 10 14 08:01:54.751   28914.7509   0.2268      42.7596      13.1837       4.0000    0.923    0.188   24   15   39
  256 2016 10 14 08:06:29.519   29189.5189   0.3106      42.8560      13.0968       4.0000    0.832    0.328   13   18   31
  257 2016 10 14 08:07:37.722   29257.7216   0.3032      42.7620      13.2312       2.0000    1.175    0.333   28   16   44
  258 2016 10 14 08:08:29.570   29309.5698   0.2595      42.6581      13.2148       8.0000    1.045    0.321   30   26   56
  259 2016 10 14 08:09:45.879   29385.8793   0.2946      42.6130      13.2978       4.0000    0.408    0.437    6   10   16
  260 2016 10 14 08:11:41.381   29501.3813   0.2595      42.8190      13.2105       6.0000    0.829    0.332   21   24   45
  261 2016 10 14 08:12:24.799   29544.7987   0.3560      42.8760      13.0968       2.0000    0.595    0.209   12   12   24
  262 2016 10 14 08:17:03.625   29823.6253   0.1750      42.7996      13.0837       8.0000    0.629    0.263    5   13   18
  263 2016 10 14 08:18:32.889   29912.8895   0.1917      42.6381      13.3348       8.0000    0.971    0.409   13   12   25
  264 2016 10 14 08:20:18.990   30018.9901   0.1963      42.6530      13.3378      10.0000    0.354    0.391   10   14   24
  265 2016 10 14 08:22:19.314   30139.3142   0.1666      42.6530      13.3378       8.0000    0.646    0.335   11   16   27
  266 2016 10 14 08:23:13.000   30192.9996   0.2220      42.6530      13.3378       8.0000    1.127    0.261   31   25   56
  267 2016 10 14 08:26:20.991   30380.9911   0.2475      42.6530      13.3378       8.0000    0.837    0.279   16   24   40
  268 2016 10 14 08:27:19.021   30439.0208   0.2960      42.8732      13.0615       4.0000    0.863    0.240   15   16   31
  269 2016 10 14 08:29:25.700   30565.6998   0.2089      42.6398      13.2333      10.0000    1.113    0.300   26   27   53
  270 2016 10 14 08:32:40.393   30760.3931   0.2126      42.7940      13.0872      10.0000    0.651    0.530    7   11   18
  271 2016 10 14 08:33:51.419   30831.4195   0.2275      42.7596      13.1437       8.0000    1.078    0.254   29   22   51
  272 2016 10 14 08:34:39.345   30879.3455   0.1838      42.7996      13.0837       8.0000    0.688    0.366   13   15   28
  273 2016 10 14 08:44:51.766   31491.7661   0.2421      42.7996      13.1637       4.0000    0.586    0.304    8   14   22
  274 2016 10 14 08:45:48.434   31548.4342   0.2216      42.8932      13.0615       2.0000    2.609    0.493   43   11   54
  275 2016 10 14 08:53:27.036   32007.0364   0.1955      42.6330      13.3178       4.0000    0.515    0.317   12    8   20
  276 2016 10 14 08:54:36.853   32076.8530   0.1731      42.8590      13.1505       4.0000    0.820    0.359    6   14   20
  277 2016 10 14 08:55:06.940   32106.9402   0.2502      42.7420      13.1912       4.0000    0.756    0.295   12   18   30
  278 2016 10 14 08:55:48.848   32148.8484   0.2592      42.8740      13.0672       4.0000    1.074    0.222   19   19   38
  279 2016 10 14 08:56:10.783   32170.7831   0.3316      42.8732      13.0815       0.0000    1.356    0.310   22   26   48
  280 2016 10 14 08:58:52.497   32332.4965   0.3345      42.8732      13.0815       0.0000    1.102    0.263   17   17   34
  281 2016 10 14 09:01:21.731   32481.7315   0.3362      42.7796      13.1637       0.0000    0.869    0.253    8   14   22
  282 2016 10 14 09:01:42.838   32502.8378   0.2188      42.6530      13.3378       8.0000    0.689    0.300   11   19   30
  283 2016 10 14 09:03:33.824   32613.8242   0.2670      42.6130      13.3178       4.0000    1.179    0.314   29   13   42
  284 2016 10 14 09:04:23.810   32663.8095   0.3289      42.8732      13.0815       2.0000    0.874    0.211   12   16   28
  285 2016 10 14 09:09:41.131   32981.1313   0.2399      42.7820      13.2112       4.0000    0.902    0.278    7   23   30
  286 2016 10 14 09:10:54.208   33054.2078   0.2580      42.6330      13.3378      10.0000    0.603    0.478    8   16   24
  287 2016 10 14 09:11:29.271   33089.2705   0.3078      42.6530      13.3178       8.0000    0.810    0.419    9   22   31
  288 2016 10 14 09:13:31.235   33211.2349   0.1986      42.7596      13.2437      14.0000    0.636    0.361    6   16   22
  289 2016 10 14 09:16:46.200   33406.1996   0.2280      42.6530      13.3378       8.0000    0.413    0.427    6   15   21
  290 2016 10 14 09:17:49.339   33469.3389   0.2586      42.8760      13.0768       2.0000    0.804    0.173   11   17   28
  291 2016 10 14 09:18:18.665   33498.6649   0.2156      42.6530      13.3378       8.0000    0.621    0.315    8   18   26
  292 2016 10 14 09:18:47.424   33527.4240   0.2382      42.4440      13.2608      10.0000    1.147    0.352   30   30   60
  293 2016 10 14 09:21:52.242   33712.2418   0.2730      42.4614      13.0367       6.0000    1.811    0.421   41   20   61
  294 2016 10 14 09:23:39.402   33819.4024   0.2184      42.7996      13.0837       6.0000    0.802    0.300   19   19   38
  295 2016 10 14 09:23:57.683   33837.6833   0.2733      42.4614      13.0567      10.0000    0.969    0.363   16   20   36
  296 2016 10 14 09:24:51.334   33891.3341   0.2831      42.7996      13.1237       0.0000    0.812    0.250    8   10   18
  297 2016 10 14 09:27:34.116   34054.1157   0.2487      42.7996      13.1437       4.0000    0.806    0.210   14   14   28
  298 2016 10 14 09:28:55.607   34135.6074   0.2505      42.5768      13.2997       4.0000    1.001    0.373   21   13   34
  299 2016 10 14 09:36:44.267   34604.2668   0.2555      42.7307      13.2942      10.0000    0.735    0.311   10   17   27
  300 2016 10 14 09:39:52.772   34792.7719   0.3020      42.8818      13.2493       2.0000    1.129    0.262   15   26   41
  301 2016 10 14 09:41:55.549   34915.5493   0.2859      42.8590      13.2105       0.0000    1.616    0.405   31    6   37
  302 2016 10 14 09:43:46.727   35026.7274   0.2333      42.7820      13.1712      12.0000    0.697    0.407    6   13   19
  303 2016 10 14 09:48:29.994   35309.9945   0.2928      42.8818      13.2493       0.0000    1.071    0.341   18   22   40
  304 2016 10 14 09:54:07.791   35647.7908   0.3291      42.6530      13.3178      10.0000    0.528    0.471    7   12   19
  305 2016 10 14 09:54:46.937   35686.9369   0.2076      42.7398      13.2533      10.0000    0.561    0.494    5   14   19
  306 2016 10 14 09:56:02.767   35762.7668   0.2492      42.8760      13.0768       4.0000    0.836    0.216    6   13   19
  307 2016 10 14 10:05:15.483   36315.4826   0.2716      42.8418      13.2293       2.0000    1.021    0.261   24   22   46
  308 2016 10 14 10:07:30.792   36450.7917   0.2770      42.6730      13.2378       8.0000    0.960    0.356   22   21   43
  309 2016 10 14 10:11:30.329   36690.3291   0.2189      42.6530      13.3378       8.0000    0.712    0.289   13   21   34
  310 2016 10 14 10:11:54.936   36714.9361   0.2823      42.8821      13.1217       0.0000    0.930    0.528   14   13   27
  311 2016 10 14 10:13:00.895   36780.8952   0.3092      42.6330      13.3378       8.0000    0.699    0.538    9   18   27
  312 2016 10 14 10:13:52.152   36832.1521   0.1990      42.8952      13.2330       2.0000    0.634    0.202    7    9   16
  313 2016 10 14 10:14:40.642   36880.6422   0.2396      42.6330      13.3378      10.0000    0.622    0.548    9   18   27
  314 2016 10 14 10:17:32.194   37052.1944   0.2443      42.8790      13.2305       2.0000    0.830    0.252    8   18   26
  315 2016 10 14 10:24:22.789   37462.7889   0.2388      42.8952      13.2530       4.0000    0.867    0.288   14   17   31
  316 2016 10 14 10:26:02.910   37562.9102   0.2399      42.8732      13.0815       2.0000    1.445    0.550   37   18   55
  317 2016 10 14 10:36:06.877   38166.8772   0.2841      42.8596      13.2696       4.0000    0.859    0.284   17   21   38
  318 2016 10 14 10:38:38.130   38318.1305   0.3476      42.5530      13.3178       4.0000    0.638    0.807    3   11   14
  319 2016 10 14 10:38:50.087   38330.0871   0.2933      42.8790      13.1705       0.0000    1.119    0.291   21   21   42
  320 2016 10 14 10:40:35.075   38435.0745   0.2606      42.6167      13.2847       6.0000    0.936    0.294   19   16   35
  321 2016 10 14 10:41:38.878   38498.8782   0.1881      42.6530      13.3378      10.0000    0.709    0.298   12   23   35
  322 2016 10 14 10:49:40.766   38980.7658   0.2023      42.6530      13.3378       8.0000    0.697    0.331   11   19   30
  323 2016 10 14 10:54:57.820   39297.8201   0.1504      42.6530      13.3378      10.0000    0.513    1.603    6   11   17
  324 2016 10 14 10:56:50.493   39410.4935   0.2013      42.8390      13.1705       2.0000    2.478    0.454   38    5   43
  325 2016 10 14 10:59:09.059   39549.0595   0.1901      42.8190      13.1905       0.0000    1.937    0.425   40    9   49
  326 2016 10 14 11:00:47.400   39647.4002   0.3005      42.8190      13.1705       2.0000    0.800    0.244    8   18   26
  327 2016 10 14 11:03:03.510   39783.5099   0.2783      42.8190      13.1905       2.0000    0.825    0.189    7   14   21
  328 2016 10 14 11:03:23.467   39803.4670   0.2122      42.8190      13.1905       2.0000    1.240    0.277   27   12   39
  329 2016 10 14 11:04:47.983   39887.9826   0.2773      42.8190      13.1905       2.0000    0.946    0.193    8   16   24
  330 2016 10 14 11:06:00.730   39960.7297   0.2273      42.7381      13.1948       4.0000    0.772    0.210    7   11   18
  331 2016 10 14 11:07:45.110   40065.1098   0.1618      42.8732      13.0815       2.0000    0.815    0.244    7    9   16
  332 2016 10 14 11:10:35.922   40235.9224   0.2317      42.8732      13.0815       2.0000    0.742    0.225    7   12   19
  333 2016 10 14 11:11:44.305   40304.3053   0.2549      42.8190      13.1905       2.0000    1.027    0.235    8   18   26
  334 2016 10 14 11:12:18.995   40338.9949   0.2971      42.8190      13.1905       2.0000    0.890    0.184    6   13   19
  335 2016 10 14 11:13:01.729   40381.7289   0.2829      42.8190      13.1905       0.0000    1.113    0.312   16   14   30
  336 2016 10 14 11:14:05.791   40445.7907   0.2841      42.8190      13.1905       2.0000    0.837    0.174    9   14   23
  337 2016 10 14 11:18:27.763   40707.7633   0.4412      42.9018      13.2693       6.0000    0.896    0.361    6   23   29
  338 2016 10 14 11:18:35.260   40715.2599   0.2462      42.6530      13.3378      10.0000    0.902    0.240   14   19   33
  339 2016 10 14 11:20:13.177   40813.1766   0.3396      42.8532      13.0815       2.0000    0.748    0.265    5   19   24
  340 2016 10 14 11:29:04.595   41344.5952   0.2781      42.7796      13.1637       0.0000    0.854    0.517   17    8   25
  341 2016 10 14 11:32:23.545   41543.5448   0.1946      42.8821      13.1417       2.0000    0.803    0.217   15   17   32
  342 2016 10 14 11:33:07.807   41587.8068   0.1791      42.8089      12.9797       4.0000    0.765    0.482    7    9   16
  343 2016 10 14 11:43:25.405   42205.4050   0.2206      42.7760      13.1168       0.0000    1.947    0.318   34    9   43
  344 2016 10 14 11:44:19.073   42259.0735   0.3038      42.6507      13.3142      10.0000    0.673    0.418    6   11   17
  345 2016 10 14 11:48:23.204   42503.2039   0.3027      42.8790      13.2505       4.0000    1.000    0.200    5   13   18
  346 2016 10 14 11:49:45.930   42585.9297   0.1964      42.7820      13.1912       4.0000    0.830    0.340    7   15   22
  347 2016 10 14 11:52:06.345   42726.3451   0.2845      42.8790      13.2505       2.0000    1.055    0.220   15   18   33
  348 2016 10 14 11:55:45.853   42945.8531   0.2494      42.6130      13.3378      10.0000    0.590    0.431    8   10   18
  349 2016 10 14 11:56:20.426   42980.4259   0.2626      42.6581      13.2148      10.0000    0.794    0.271   13   19   32
  350 2016 10 14 12:01:10.066   43270.0657   0.2924      43.1198      13.4518      20.0000    1.456    1.091   10    8   18
  351 2016 10 14 12:01:16.200   43276.2000   0.2192      42.8190      13.1505      12.0000    1.151    0.263   34   25   59
  352 2016 10 14 12:05:07.567   43507.5672   0.3187      42.8190      13.1905       2.0000    0.839    0.262    6   12   18
  353 2016 10 14 12:08:46.673   43726.6732   0.2660      42.7820      13.2112       4.0000    0.876    0.138    9   18   27
  354 2016 10 14 12:19:58.939   44398.9392   0.2684      42.8790      13.2305       6.0000    0.900    0.487    8   19   27
  355 2016 10 14 12:21:18.898   44478.8978   0.2140      42.7740      13.2272      10.0000    0.909    0.202   14   17   31
  356 2016 10 14 12:30:48.912   45048.9124   0.2666      42.8952      13.2530       2.0000    0.571    0.326    6   11   17
  357 2016 10 14 12:31:41.477   45101.4767   0.2105      42.6530      13.3378       8.0000    0.855    0.250   16   22   38
  358 2016 10 14 12:34:10.223   45250.2234   0.3178      42.7796      13.1237       0.0000    1.040    0.327   14    6   20
  359 2016 10 14 12:34:34.911   45274.9111   0.2858      42.7996      13.1237       2.0000    1.140    0.273    8   13   21
  360 2016 10 14 12:40:13.146   45613.1462   0.2022      42.8732      13.0815       2.0000    0.931    0.232    9    9   18
  361 2016 10 14 12:43:37.355   45817.3548   0.2718      42.7420      13.1712       4.0000    0.644    0.347    6   13   19
  362 2016 10 14 12:44:31.195   45871.1949   0.2148      42.6981      13.2548       8.0000    0.967    0.306   29   27   56
  363 2016 10 14 12:45:41.158   45941.1582   0.3438      42.7620      13.1912       4.0000    0.775    0.263   13   20   33
  364 2016 10 14 12:48:24.871   46104.8710   0.4107      42.6330      13.3578       6.0000    0.601    1.501    5   18   23
  365 2016 10 14 12:48:35.142   46115.1418   0.2317      42.8760      13.0568       4.0000    2.150    0.413   43   18   61
  366 2016 10 14 12:51:25.002   46285.0023   0.2523      42.8732      13.0615       4.0000    0.861    0.320    8   23   31
  367 2016 10 14 12:52:02.856   46322.8556   0.2880      42.8532      13.0815       8.0000    0.804    0.313    8    9   17
  368 2016 10 14 12:52:38.719   46358.7190   0.2649      42.8732      13.0815       2.0000    0.792    0.352   10   16   26
  369 2016 10 14 12:54:39.942   46479.9417   0.2642      42.6530      13.3378       8.0000    1.109    0.225   22   27   49
  370 2016 10 14 13:04:39.631   47079.6311   0.3245      42.9152      13.2530       0.0000    0.644    0.509    7   13   20
  371 2016 10 14 13:11:36.315   47496.3154   0.2275      42.8732      13.0815       0.0000    0.515    0.207   10    7   17
  372 2016 10 14 13:12:33.920   47553.9198   0.2732      42.7796      13.1837       6.0000    0.757    0.311   15   23   38
  373 2016 10 14 13:16:13.453   47773.4525   0.2266      42.6385      13.3392      10.0000    0.279    0.562    5   11   16
  374 2016 10 14 13:16:57.198   47817.1978   0.2588      42.8732      13.0615       4.0000    0.939    0.259   12   20   32
  375 2016 10 14 13:17:46.809   47866.8088   0.2624      42.8732      13.0815       0.0000    0.611    0.368    7   15   22
  376 2016 10 14 13:18:34.516   47914.5163   0.3078      42.8732      13.0815       2.0000    0.741    0.481    9   21   30
  377 2016 10 14 13:35:31.882   48931.8822   0.2733      42.7420      13.1712       4.0000    0.635    0.310   11   15   26
  378 2016 10 14 13:36:19.077   48979.0765   0.2327      42.8190      13.2505      12.0000    0.698    0.318   11   14   25
  379 2016 10 14 13:45:26.968   49526.9680   0.2455      42.7996      13.1637       4.0000    0.809    0.268   13   17   30
  380 2016 10 14 13:56:21.382   50181.3821   0.2742      42.6330      13.3178      10.0000    0.752    0.403   17   21   38
  381 2016 10 14 13:56:54.095   50214.0951   0.2535      42.7218      13.1493       2.0000    1.018    0.229   19   14   33
  382 2016 10 14 14:01:39.247   50499.2473   0.2378      42.7820      13.2112       4.0000    0.750    0.337    8   20   28
  383 2016 10 14 14:03:09.826   50589.8265   0.2809      42.8952      13.2330       4.0000    0.679    0.235    8   13   21
  384 2016 10 14 14:04:27.174   50667.1741   0.3115      42.8220      13.2312       2.0000    0.906    0.311   13   21   34
  385 2016 10 14 14:08:03.170   50883.1701   0.1914      42.6530      13.3378      10.0000    0.360    0.380    9   10   19
  386 2016 10 14 14:13:59.167   51239.1669   0.2899      42.7620      13.1912       6.0000    0.518    0.376   12    9   21
  387 2016 10 14 14:14:58.118   51298.1176   0.3560      42.8618      13.2693       2.0000    0.775    0.213    9    8   17
  388 2016 10 14 14:15:48.184   51348.1841   0.1778      42.8590      13.2305       0.0000    0.912    0.205    7   10   17
  389 2016 10 14 14:22:46.381   51766.3815   0.2365      42.8360      13.1568       6.0000    0.493    0.317    7   14   21
  390 2016 10 14 14:26:20.450   51980.4498   0.2063      42.7420      13.1912       4.0000    0.475    0.412    9    8   17
  391 2016 10 14 14:28:25.558   52105.5581   0.1845      42.8289      13.0397       4.0000    0.710    0.323    9   14   23
  392 2016 10 14 14:30:58.679   52258.6792   0.2727      42.8952      13.2330       4.0000    0.757    0.212    7   14   21
  393 2016 10 14 14:36:54.885   52614.8851   0.1793      42.7820      13.1912       4.0000    0.740    0.334    8   23   31
  394 2016 10 14 14:45:04.613   53104.6130   0.2044      42.6530      13.3378      10.0000    0.310    0.459    6   11   17
  395 2016 10 14 14:46:15.074   53175.0736   0.3010      42.8732      13.0815       0.0000    0.906    0.223   14   17   31
  396 2016 10 14 14:46:58.770   53218.7701   0.2208      42.6530      13.3378      10.0000    0.587    0.379    8   18   26
  397 2016 10 14 14:48:31.463   53311.4628   0.3141      42.9221      13.1617      12.0000    0.580    0.450    6   13   19
  398 2016 10 14 14:53:44.223   53624.2226   0.2068      42.7198      13.2733      10.0000    0.474    0.390    5   16   21
  399 2016 10 14 14:54:15.068   53655.0680   0.2421      42.7996      13.1637       4.0000    0.733    0.557   11   19   30
  400 2016 10 14 14:56:09.640   53769.6397   0.2056      42.5813      13.3544       8.0000    0.471    0.285   12   11   23
  401 2016 10 14 14:58:37.618   53917.6183   0.2449      42.7420      13.2712       2.0000    0.954    0.278   22   18   40
  402 2016 10 14 15:04:09.574   54249.5737   0.1870      42.6598      13.2133      10.0000    0.577    0.428    5   12   17
  403 2016 10 14 15:05:46.561   54346.5612   0.2215      42.9221      13.1817       4.0000    0.790    0.295    7   16   23
  404 2016 10 14 15:06:18.427   54378.4272   0.2418      42.6530      13.3378      10.0000    0.952    0.266   20   27   47
  405 2016 10 14 15:07:31.878   54451.8780   0.2173      42.7220      13.2312      10.0000    0.584    0.634    8   14   22
  406 2016 10 14 15:10:16.221   54616.2207   0.2710      42.7620      13.1912       2.0000    0.394    0.333    9   12   21
  407 2016 10 14 15:10:37.838   54637.8381   0.3055      42.8360      13.1568       6.0000    1.015    0.314    6   26   32
  408 2016 10 14 15:15:48.998   54948.9977   0.2813      42.9152      13.2730       2.0000    1.031    0.528    6   19   25
  409 2016 10 14 15:16:15.359   54975.3587   0.2469      42.9021      13.1417       4.0000    1.290    0.363   30   18   48
  410 2016 10 14 15:17:46.288   55066.2884   0.2763      42.7060      13.2273      12.0000    0.761    0.424   14   24   38
  411 2016 10 14 15:19:04.504   55144.5044   0.3096      42.8732      13.0815       0.0000    0.771    0.226   14   13   27
  412 2016 10 14 15:19:50.605   55190.6055   0.2272      42.8590      13.2505      16.0000    0.896    0.357   20   30   50
  413 2016 10 14 15:20:10.686   55210.6863   0.2475      42.8590      13.2505      16.0000    0.858    0.312   15   31   46
  414 2016 10 14 15:21:00.896   55260.8962   0.1833      42.8390      13.1505       8.0000    0.692    0.356   15   18   33
  415 2016 10 14 15:21:20.759   55280.7589   0.2072      42.7820      13.1912       6.0000    1.799    0.476   42    7   49
  416 2016 10 14 15:21:50.204   55310.2042   0.2798      42.8190      13.1705       0.0000    1.799    0.373   35   15   50
  417 2016 10 14 15:23:56.726   55436.7258   0.3405      42.8390      13.1905       2.0000    0.651    0.393    6   11   17
  418 2016 10 14 15:24:48.407   55488.4068   0.2565      42.8732      13.0615       4.0000    1.316    0.383   26   18   44
  419 2016 10 14 15:26:13.467   55573.4667   0.1980      42.8684      13.2711      16.0000    0.543    0.524    6   12   18
  420 2016 10 14 15:26:58.048   55618.0481   0.2597      42.6530      13.3378       6.0000    0.560    0.568   10    7   17
  421 2016 10 14 15:32:13.805   55933.8051   0.2577      42.8196      13.1437       6.0000    1.007    0.366   29   21   50
  422 2016 10 14 15:34:40.397   56080.3968   0.2321      42.7760      13.1568       2.0000    1.585    0.363   36    9   45
  423 2016 10 14 15:36:39.303   56199.3030   0.2660      42.7796      13.1637       4.0000    0.679    0.376   10   23   33
  424 2016 10 14 15:37:48.687   56268.6871   0.2792      42.8689      13.0597       0.0000    1.608    0.374   36   15   51
  425 2016 10 14 15:41:20.749   56480.7486   0.2069      42.6530      13.3378       8.0000    0.695    0.367   10   15   25
  426 2016 10 14 15:42:10.321   56530.3210   0.2379      42.7325      13.1777       4.0000    1.087    0.227   35   16   51
  427 2016 10 14 15:50:50.448   57050.4477   0.2630      42.7420      13.1912       2.0000    0.639    0.361    6   10   16
  428 2016 10 14 15:51:18.339   57078.3394   0.3406      42.7796      13.1437       2.0000    0.767    0.389    9   11   20
  429 2016 10 14 15:53:25.113   57205.1134   0.2665      42.6785      13.2792       8.0000    0.633    0.372    9   14   23
  430 2016 10 14 15:56:06.721   57366.7207   0.2876      42.6781      13.2348       8.0000    0.778    0.405    8   21   29
  431 2016 10 14 15:59:29.787   57569.7866   0.2394      42.7420      13.1912       4.0000    0.891    0.219   26   15   41
  432 2016 10 14 16:02:10.490   57730.4898   0.1967      42.8732      13.0815       2.0000    0.959    0.250   16   20   36
  433 2016 10 14 16:03:34.585   57814.5854   0.3126      42.8190      13.1705       0.0000    1.170    0.303   24   11   35
  434 2016 10 14 16:04:16.056   57856.0558   0.2349      42.7996      13.2037       4.0000    1.334    0.335   36   12   48
  435 2016 10 14 16:04:32.503   57872.5026   0.3122      42.8732      13.0615       4.0000    1.762    0.342   14   29   43
  436 2016 10 14 16:12:41.883   58361.8826   0.2598      42.8684      13.2911      14.0000    0.681    0.287    6   13   19
  437 2016 10 14 16:13:38.995   58418.9952   0.2443      42.8732      13.0815       2.0000    0.932    0.252   12   15   27
  438 2016 10 14 16:14:00.207   58440.2066   0.2009      42.6781      13.1748      10.0000    0.379    0.320    6   15   21
  439 2016 10 14 16:27:35.210   59255.2101   0.2446      42.7420      13.1912       4.0000    0.920    0.364   17   15   32
  440 2016 10 14 16:34:39.817   59679.8169   0.2162      42.7596      13.1437       8.0000    1.496    0.342   42   20   62
  441 2016 10 14 16:42:48.112   60168.1124   0.2736      42.6530      13.3378       6.0000    0.544    0.546    9   15   24
  442 2016 10 14 16:48:53.411   60533.4110   0.2278      42.7420      13.1912       2.0000    0.813    0.207   22   12   34
  443 2016 10 14 16:54:00.121   60840.1214   0.3270      42.9018      13.2893       0.0000    0.659    0.270    5   10   15
  444 2016 10 14 16:54:43.342   60883.3424   0.2577      42.8552      13.2330      16.0000    1.000    0.279   21   15   36
  445 2016 10 14 17:02:19.585   61339.5852   0.2302      42.8390      13.1505       8.0000    0.655    0.380    9   18   27
  446 2016 10 14 17:04:37.093   61477.0932   0.1835      42.6530      13.3378       8.0000    0.373    0.459    8    9   17
  447 2016 10 14 17:16:30.804   62190.8040   0.1637      42.7889      12.9997       8.0000    0.695    0.378   10   11   21
  448 2016 10 14 17:17:06.204   62226.2037   0.2189      42.7420      13.1912       4.0000    1.329    0.284   40    4   44
  449 2016 10 14 17:20:37.613   62437.6130   0.1730      42.8732      13.0815       2.0000    0.777    0.228   10   14   24
  450 2016 10 14 17:22:16.849   62536.8489   0.2009      42.8760      13.0768       2.0000    1.020    0.336   20   16   36
  451 2016 10 14 17:23:02.336   62582.3364   0.2439      42.8760      13.0768       2.0000    0.786    0.258    9   12   21
  452 2016 10 14 17:29:51.719   62991.7191   0.2609      42.8596      13.2296       2.0000    0.898    0.236   11   16   27
  453 2016 10 14 17:30:47.985   63047.9845   0.2332      42.5655      13.2728       6.0000    0.779    0.281   19   12   31
  454 2016 10 14 17:37:40.083   63460.0825   0.1930      42.6381      13.2148      10.0000    0.422    0.469    8   12   20
  455 2016 10 14 17:38:26.672   63506.6723   0.2462      42.6513      13.3378       8.0000    0.585    0.469    8   12   20
  456 2016 10 14 17:39:41.895   63581.8947   0.1845      42.7790      13.2505      14.0000    0.778    0.381   16   24   40
  457 2016 10 14 17:43:51.125   63831.1254   0.2998      42.8196      13.1437       2.0000    0.450    0.488    8   11   19
  458 2016 10 14 17:45:41.944   63941.9439   0.2764      42.7932      13.1415       2.0000    1.079    0.331   22   12   34
  459 2016 10 14 17:48:28.892   64108.8916   0.2504      42.8590      13.2305       0.0000    0.776    0.250   11   18   29
  460 2016 10 14 17:48:48.891   64128.8906   0.2882      42.9198      13.2553       4.0000    1.883    0.518   33   17   50
  461 2016 10 14 17:50:16.556   64216.5556   0.3437      42.8796      13.2496       2.0000    0.929    0.338   12   28   40
  462 2016 10 14 17:54:45.227   64485.2273   0.1733      42.8732      13.0815       2.0000    0.496    0.279    9   11   20
  463 2016 10 14 17:56:23.564   64583.5644   0.2404      42.5568      13.2797       4.0000    0.690    0.241   16   11   27
  464 2016 10 14 17:59:48.901   64788.9010   0.2935      42.9284      13.2511       2.0000    0.689    1.051    9   10   19
  465 2016 10 14 18:03:19.856   64999.8558   0.2536      42.6381      13.2348       8.0000    0.966    0.341   24   29   53
  466 2016 10 14 18:12:28.967   65548.9670   0.2056      42.7889      12.9997       6.0000    0.651    0.401   10   12   22
  467 2016 10 14 18:13:09.901   65589.9007   0.2267      42.7996      13.2096       8.0000    0.803    0.415   20   16   36
  468 2016 10 14 18:14:14.797   65654.7974   0.2251      42.5768      13.2797       4.0000    0.635    0.535   16   18   34
  469 2016 10 14 18:16:13.155   65773.1554   0.2403      42.7420      13.1712       4.0000    0.565    0.413   10   13   23
  470 2016 10 14 18:18:28.491   65908.4915   0.2496      42.7820      13.1912       2.0000    0.777    0.340    7   19   26
  471 2016 10 14 18:19:51.351   65991.3506   0.2010      42.6530      13.3378       8.0000    0.884    0.363   16   20   36
  472 2016 10 14 18:20:20.629   66020.6287   0.3088      42.5967      13.2847       2.0000    0.707    0.440   11    9   20
  473 2016 10 14 18:31:19.487   66679.4871   0.2251      42.8932      13.0815       2.0000    2.525    0.444   44    9   53
  474 2016 10 14 18:36:23.038   66983.0384   0.2358      42.8590      13.2305       2.0000    0.976    0.244   18   19   37
  475 2016 10 14 18:36:40.724   67000.7239   0.2400      42.7996      13.1637      10.0000    0.815    0.347   11   21   32
  476 2016 10 14 18:37:42.657   67062.6573   0.2886      42.6460      13.3274       6.0000    1.073    0.351   27   24   51
  477 2016 10 14 18:40:49.345   67249.3453   0.1951      42.6330      13.3378      10.0000    0.585    0.632    9   11   20
  478 2016 10 14 18:41:31.594   67291.5942   0.2024      42.7596      13.1437       8.0000    0.796    0.313   23   20   43
  479 2016 10 14 18:42:12.750   67332.7501   0.2099      42.6330      13.3178      14.0000    0.605    0.392   15   21   36
  480 2016 10 14 18:42:57.432   67377.4316   0.2434      42.8618      13.2493       2.0000    1.565    0.397   37   12   49
  481 2016 10 14 18:44:46.231   67486.2305   0.2737      42.8673      13.0872       0.0000    1.849    0.333   39   17   56
  482 2016 10 14 18:49:18.908   67758.9083   0.2190      42.9821      13.1217      10.0000    0.965    0.282   13   27   40
  483 2016 10 14 18:51:32.992   67892.9918   0.2911      42.8020      13.2112       4.0000    0.580    0.519    6   13   19
  484 2016 10 14 18:52:24.136   67944.1358   0.2584      42.7820      13.2312      12.0000    0.885    0.464   15   29   44
  485 2016 10 14 18:53:20.555   68000.5552   0.2125      42.8732      13.0415       2.0000    0.718    0.201    8   11   19
  486 2016 10 14 18:54:37.763   68077.7629   0.2054      42.8732      13.0815       2.0000    0.568    0.262    6   11   17
  487 2016 10 14 18:56:11.626   68171.6259   0.2146      42.9152      13.2530       2.0000    0.688    0.192    9   10   19
  488 2016 10 14 18:58:44.505   68324.5053   0.2195      42.8790      13.2305       4.0000    0.839    0.251   19   14   33
  489 2016 10 14 18:59:17.221   68357.2213   0.2013      42.6781      13.1748      10.0000    0.599    0.338    9   15   24
  490 2016 10 14 19:02:42.812   68562.8123   0.3069      42.8020      13.2112       4.0000    0.872    0.221   10    9   19
  491 2016 10 14 19:08:32.864   68912.8645   0.2013      42.8396      13.2496       4.0000    0.545    0.315    8   15   23
  492 2016 10 14 19:11:36.826   69096.8261   0.2027      42.9218      13.2493       4.0000    0.588    0.271    8   10   18
  493 2016 10 14 19:14:02.765   69242.7645   0.2648      42.6330      13.3378       8.0000    0.527    0.642   12   15   27
  494 2016 10 14 19:15:37.602   69337.6017   0.2839      42.5568      13.2797       4.0000    0.835    0.318   19   17   36
  495 2016 10 14 19:18:02.324   69482.3241   0.2627      42.7396      13.1637      10.0000    0.623    0.309   11   13   24
  496 2016 10 14 19:18:38.832   69518.8320   0.2382      42.6330      13.3378      10.0000    0.570    0.722    9   12   21
  497 2016 10 14 19:19:32.801   69572.8006   0.2278      42.8020      13.2112       4.0000    0.702    0.390    6    9   15
  498 2016 10 14 19:20:36.578   69636.5780   0.2352      42.6330      13.3378       8.0000    0.534    0.568   11   12   23
  499 2016 10 14 19:21:47.403   69707.4032   0.2006      42.7996      13.1437       6.0000    0.700    0.437   13   14   27
  500 2016 10 14 19:22:43.132   69763.1322   0.3075      42.6013      13.3144       8.0000    0.564    0.371   12   22   34
  501 2016 10 14 19:25:13.096   69913.0959   0.1768      42.6581      13.2148      10.0000    0.490    0.511    8   15   23
  502 2016 10 14 19:26:39.960   69999.9597   0.2143      42.7996      13.1837      10.0000    0.800    0.337   24   22   46
  503 2016 10 14 19:33:35.256   70415.2556   0.1678      42.6585      13.2992      12.0000    0.766    0.317   19   23   42
  504 2016 10 14 19:35:47.334   70547.3344   0.3214      42.7420      13.1912       2.0000    0.913    0.228   18   21   39
  505 2016 10 14 19:36:01.270   70561.2702   0.2393      42.6530      13.3378      10.0000    0.871    0.445   14   20   34
  506 2016 10 14 19:39:32.518   70772.5178   0.2440      42.8190      13.2305       4.0000    0.831    0.364   10   18   28
  507 2016 10 14 19:40:52.075   70852.0746   0.2036      42.9221      13.1417      10.0000    0.728    0.568   11   16   27
  508 2016 10 14 19:41:33.115   70893.1150   0.3745      42.8790      13.2505       2.0000    0.864    0.339    4   25   29
  509 2016 10 14 19:43:32.730   71012.7302   0.2173      42.7996      13.1237       2.0000    0.830    0.235   10   13   23
  510 2016 10 14 19:47:58.834   71278.8339   0.1582      42.8590      13.2505       4.0000    0.599    0.282    6   12   18
  511 2016 10 14 19:50:13.389   71413.3891   0.3066      42.8790      13.2305       4.0000    0.959    0.339   16   21   37
  512 2016 10 14 19:50:35.995   71435.9949   0.2156      42.7796      13.1637      10.0000    0.810    0.323   12   25   37
  513 2016 10 14 19:50:55.171   71455.1710   0.2021      42.7620      13.2112      10.0000    0.762    0.559   11   22   33
  514 2016 10 14 19:51:40.722   71500.7220   0.2024      42.6330      13.3378      10.0000    0.575    0.692    9   12   21
  515 2016 10 14 19:52:48.311   71568.3107   0.2425      42.8190      13.2105       4.0000    0.897    0.338    5   17   22
  516 2016 10 14 19:53:45.171   71625.1709   0.2087      42.8552      13.1130       2.0000    1.557    0.351   36   15   51
  517 2016 10 14 19:55:22.169   71722.1692   0.3567      42.8790      13.2505       2.0000    0.797    0.387    9   19   28
  518 2016 10 14 19:55:47.936   71747.9364   0.2031      42.8760      13.0768       2.0000    0.872    0.421   11   10   21
  519 2016 10 14 19:56:52.363   71812.3626   0.2166      42.7796      13.1437       2.0000    0.756    0.266    9   12   21
  520 2016 10 14 19:57:50.322   71870.3220   0.2101      42.8790      13.2505       2.0000    0.897    0.186   15   20   35
  521 2016 10 14 19:58:11.521   71891.5212   0.2514      42.6330      13.3378       8.0000    0.484    0.615   12   11   23
  522 2016 10 14 19:58:30.637   71910.6370   0.2451      42.9190      13.2505       4.0000    0.615    0.150    5   13   18
  523 2016 10 14 19:58:47.212   71927.2121   0.2462      42.7796      13.1437       0.0000    0.995    0.268   20   11   31
  524 2016 10 14 19:59:30.695   71970.6951   0.2717      42.9018      13.2493       2.0000    0.636    0.166    8   12   20
  525 2016 10 14 20:01:33.199   72093.1990   0.1636      42.8732      13.0815       2.0000    0.529    0.220    9   10   19
  526 2016 10 14 20:03:39.879   72219.8785   0.3186      42.8821      13.2617       4.0000    0.518    0.505    5   12   17
  527 2016 10 14 20:05:50.823   72350.8229   0.2483      42.8590      13.2505       4.0000    0.510    0.229    5   12   17
  528 2016 10 14 20:06:52.964   72412.9637   0.2544      42.8732      13.0615       4.0000    1.241    0.343   28   10   38
  529 2016 10 14 20:07:54.644   72474.6437   0.2139      42.7420      13.1912       4.0000    0.736    0.307   11   17   28
  530 2016 10 14 20:12:04.500   72724.5001   0.3082      42.8396      13.1837       0.0000    0.953    0.231    5   12   17
  531 2016 10 14 20:12:35.107   72755.1071   0.2741      42.9152      13.2730       2.0000    1.245    0.364   27   24   51
  532 2016 10 14 20:14:48.411   72888.4110   0.2505      42.8190      13.1905       2.0000    1.106    0.283   25   13   38
  533 2016 10 14 20:19:30.039   73170.0387   0.1447      42.8390      13.2305       4.0000    0.744    0.411   14    8   22
  534 2016 10 14 20:20:36.957   73236.9568   0.2405      42.8732      13.0615       2.0000    0.826    0.255   13   12   25
  535 2016 10 14 20:21:36.610   73296.6103   0.2584      42.6530      13.3378      10.0000    0.381    0.535    5   11   16
  536 2016 10 14 20:22:22.529   73342.5290   0.3914      42.8190      13.2505      12.0000    0.625    0.228    8   15   23
  537 2016 10 14 20:25:14.828   73514.8277   0.2539      42.8020      13.1912       2.0000    0.672    0.497    6   12   18
  538 2016 10 14 20:25:35.323   73535.3231   0.2092      42.6530      13.3378       8.0000    0.834    0.353   17   24   41
  539 2016 10 14 20:29:57.742   73797.7419   0.1653      42.8360      13.0568       4.0000    0.711    0.340   11   11   22
  540 2016 10 14 20:30:30.722   73830.7219   0.2305      42.7820      13.2312       2.0000    0.772    0.521   16   15   31
  541 2016 10 14 20:33:29.367   74009.3672   0.2558      42.8732      13.0815       0.0000    0.864    0.222   14   15   29
  542 2016 10 14 20:34:08.372   74048.3721   0.2183      42.8621      13.0817       2.0000    0.747    0.242    9   11   20
  543 2016 10 14 20:39:16.502   74356.5017   0.2041      42.6530      13.3378       8.0000    0.711    0.516    9   16   25
  544 2016 10 14 20:40:57.514   74457.5144   0.2288      42.7796      13.1437       0.0000    1.220    0.260   32    7   39
  545 2016 10 14 20:41:30.638   74490.6380   0.1989      42.8590      13.2305       0.0000    0.771    0.234    8   19   27
  546 2016 10 14 20:42:09.517   74529.5169   0.2419      42.8732      13.0815       2.0000    1.241    0.392   35   12   47
  547 2016 10 14 20:50:36.449   75036.4495   0.3355      42.7396      13.1837      10.0000    0.617    0.594    5   17   22
  548 2016 10 14 20:50:56.804   75056.8043   0.3063      42.6330      13.3178      12.0000    0.898    0.778    5   14   19
  549 2016 10 14 20:51:05.968   75065.9677   0.2401      42.9218      13.2693       2.0000    0.787    0.205    8   15   23
  550 2016 10 14 20:54:53.592   75293.5923   0.2471      42.7820      13.1712       6.0000    0.724    0.528   10   15   25
  551 2016 10 14 20:56:57.178   75417.1776   0.3355      42.7660      13.0873       8.0000    0.938    0.282    7   11   18
  552 2016 10 14 20:58:27.971   75507.9706   0.2665      42.8590      13.2505       2.0000    0.758    0.226    7   18   25
  553 2016 10 14 20:58:52.312   75532.3120   0.2167      42.6581      13.1948      12.0000    0.431    0.711    7   12   19
  554 2016 10 14 20:59:45.649   75585.6486   0.2045      42.8760      13.1168       2.0000    0.877    0.216   10   18   28
  555 2016 10 14 21:01:00.961   75660.9609   0.2196      42.7660      13.1273       4.0000    1.313    0.290   30    3   33
  556 2016 10 14 21:02:58.013   75778.0134   0.3192      42.8590      13.2505       4.0000    0.625    0.218    5   12   17
  557 2016 10 14 21:03:45.422   75825.4215   0.2782      42.8760      13.0768       2.0000    0.645    0.295    6   15   21
  558 2016 10 14 21:05:34.625   75934.6253   0.2530      42.6167      13.2647       8.0000    1.040    0.364   31   26   57
  559 2016 10 14 21:08:13.631   76093.6307   0.3129      42.6567      13.2447      12.0000    0.763    0.538   15   19   34
  560 2016 10 14 21:11:32.390   76292.3901   0.3354      42.4614      13.0567      10.0000    0.860    0.572    7   13   20
  561 2016 10 14 21:13:56.586   76436.5856   0.2197      42.8196      13.1637       8.0000    0.834    0.341   15   20   35
  562 2016 10 14 21:15:41.615   76541.6148   0.2825      42.8760      13.0768       2.0000    0.936    0.300   12   18   30
  563 2016 10 14 21:16:37.358   76597.3576   0.1592      42.7109      13.0360       6.0000    0.498    0.386    6   12   18
  564 2016 10 14 21:17:34.857   76654.8574   0.3650      42.5930      13.3178       8.0000    0.658    0.612    7   11   18
  565 2016 10 14 21:23:33.305   77013.3048   0.2112      42.6530      13.3378      10.0000    0.692    0.475   10   19   29
  566 2016 10 14 21:24:32.040   77072.0403   0.2040      42.8043      12.9110      12.0000    0.920    0.347   14   18   32
  567 2016 10 14 21:26:14.493   77174.4927   0.2256      42.8760      13.0768       4.0000    0.642    0.233    7   14   21
  568 2016 10 14 21:33:23.568   77603.5680   0.2403      42.7620      13.1912       6.0000    0.960    0.335   25   24   49
  569 2016 10 14 21:35:50.322   77750.3217   0.2615      42.7796      13.1437      10.0000    0.947    0.500   19   26   45
  570 2016 10 14 21:39:10.901   77950.9010   0.3257      42.6330      13.3378       8.0000    1.268    0.429   28   30   58
  571 2016 10 14 21:40:04.694   78004.6938   0.2369      42.7396      13.2237      10.0000    0.768    0.315    7   20   27
  572 2016 10 14 21:40:53.368   78053.3684   0.2975      42.7596      13.1237       8.0000    0.611    0.466    9   20   29
  573 2016 10 14 21:41:05.197   78065.1965   0.2659      42.7909      13.1560       2.0000    1.127    0.295   18   15   33
  574 2016 10 14 21:42:01.519   78121.5194   0.2524      42.6385      13.3392      10.0000    0.643    0.542    5   12   17
  575 2016 10 14 21:42:32.640   78152.6404   0.2760      42.8821      13.2417       6.0000    1.380    0.386   31   14   45
  576 2016 10 14 21:43:20.883   78200.8831   0.2912      42.8820      13.1312       2.0000    0.899    0.286   10   11   21
  577 2016 10 14 21:44:42.732   78282.7319   0.1812      42.7596      13.2237      10.0000    0.600    0.369    5   12   17
  578 2016 10 14 21:44:52.105   78292.1055   0.2333      42.6530      13.3378       8.0000    0.891    0.336   21   24   45
  579 2016 10 14 21:45:47.970   78347.9700   0.2699      42.7596      13.1837       4.0000    0.855    0.302   22   19   41
  580 2016 10 14 21:48:52.281   78532.2807   0.2485      42.8732      13.0815       0.0000    1.416    0.249   28   18   46
  581 2016 10 14 21:49:53.484   78593.4837   0.2427      42.7420      13.1912       4.0000    0.691    0.358   10   15   25
  582 2016 10 14 21:50:31.085   78631.0851   0.1311      42.8732      13.0415       8.0000    0.492    0.448    9   13   22
  583 2016 10 14 21:50:40.146   78640.1461   0.2643      42.7796      13.1437      10.0000    0.723    0.513   14   26   40
  584 2016 10 14 21:52:48.729   78768.7287   0.3172      42.8732      13.0415      12.0000    0.854    0.451    9   16   25
  585 2016 10 14 21:55:56.629   78956.6289   0.3334      42.9284      13.2711       4.0000    0.735    0.218    6   13   19
  586 2016 10 14 21:56:27.026   78987.0259   0.3400      42.6367      13.2847      10.0000    0.794    0.461   14   28   42
  587 2016 10 14 21:58:49.464   79129.4640   0.2448      42.6530      13.3378       8.0000    0.747    0.481    6   13   19
  588 2016 10 14 22:02:09.007   79329.0066   0.2658      42.6767      13.2647      10.0000    0.521    0.888   10   11   21
  589 2016 10 14 22:02:38.439   79358.4393   0.2100      42.8020      13.2512      12.0000    0.924    0.265   14   26   40
  590 2016 10 14 22:05:26.777   79526.7774   0.2954      42.8618      13.2693       2.0000    0.852    0.409    9   16   25
  591 2016 10 14 22:06:22.991   79582.9912   0.2918      42.5967      13.2647       8.0000    0.782    0.677    7   15   22
  592 2016 10 14 22:07:22.380   79642.3802   0.1875      42.8590      13.2505       4.0000    0.704    0.299    6   13   19
  593 2016 10 14 22:08:00.839   79680.8393   0.2114      42.7981      13.2348      12.0000    0.726    0.456    7   14   21
  594 2016 10 14 22:10:57.897   79857.8971   0.2659      42.7996      13.1237       8.0000    0.865    0.359    9   22   31
  595 2016 10 14 22:12:48.024   79968.0245   0.2924      42.7796      13.1637      10.0000    0.889    0.438   24   25   49
  596 2016 10 14 22:13:15.056   79995.0561   0.2537      42.8732      13.0615       4.0000    0.966    0.353   16   22   38
  597 2016 10 14 22:15:28.000   80127.9998   0.3212      42.8790      13.2505       0.0000    0.890    0.239   12   12   24
  598 2016 10 14 22:15:57.583   80157.5825   0.1601      42.6013      13.3344      10.0000    0.563    0.410   10   16   26
  599 2016 10 14 22:16:45.427   80205.4272   0.2389      42.6330      13.3178      10.0000    0.796    0.428   16   24   40
  600 2016 10 14 22:17:52.742   80272.7422   0.2310      42.9021      13.1617       6.0000    0.878    0.322    9   13   22
  601 2016 10 14 22:19:43.509   80383.5085   0.2367      42.7420      13.1712       8.0000    0.551    0.513    6   13   19
  602 2016 10 14 22:20:36.213   80436.2128   0.1922      42.8732      13.0815       2.0000    0.701    0.257   10   11   21
  603 2016 10 14 22:24:06.395   80646.3955   0.2312      42.6585      13.2992       4.0000    0.801    0.376   12   10   22
  604 2016 10 14 22:24:33.671   80673.6713   0.2440      42.6713      13.2978       4.0000    0.755    0.425    9    7   16
  605 2016 10 14 22:24:42.713   80682.7131   0.2590      42.7620      13.2112       6.0000    1.271    0.412   42   14   56
  606 2016 10 14 22:26:59.307   80819.3067   0.2334      42.8196      13.2496       4.0000    1.020    0.252    8   13   21
  607 2016 10 14 22:31:38.912   81098.9116   0.3609      42.6530      13.3578       8.0000    0.728    0.865    6   14   20
  608 2016 10 14 22:31:45.402   81105.4017   0.2729      42.8190      13.1505       8.0000    1.285    0.292   29   19   48
  609 2016 10 14 22:33:34.360   81214.3596   0.2977      42.7620      13.2512       2.0000    0.902    0.285   18   11   29
  610 2016 10 14 22:34:09.555   81249.5549   0.3205      42.8821      13.1817       6.0000    1.077    0.362    8   13   21
  611 2016 10 14 22:36:01.730   81361.7298   0.1998      42.8190      13.1705       8.0000    1.077    0.291   24   17   41
  612 2016 10 14 22:39:48.097   81588.0968   0.2588      42.7420      13.1912       2.0000    1.071    0.292   22   17   39
  613 2016 10 14 22:41:51.021   81711.0209   0.3150      42.8020      13.2312       6.0000    0.889    0.476    5   17   22
  614 2016 10 14 22:42:25.962   81745.9624   0.1831      42.8732      13.0815       2.0000    0.939    0.274   11   11   22
  615 2016 10 14 22:49:36.830   82176.8298   0.2074      42.6598      13.2733      12.0000    0.751    0.456   11   13   24
  616 2016 10 14 22:51:59.163   82319.1635   0.1796      42.7913      13.2978      14.0000    0.903    0.275   10   19   29
  617 2016 10 14 22:52:14.819   82334.8195   0.2380      42.7796      13.1437       0.0000    1.109    0.347   12    8   20
  618 2016 10 14 22:52:36.797   82356.7971   0.2899      42.8740      13.0672       2.0000    1.040    0.432   13   16   29
  619 2016 10 14 22:56:28.452   82588.4517   0.2950      42.7420      13.1912       6.0000    0.536    0.442    9    9   18
  620 2016 10 14 23:01:06.093   82866.0931   0.3027      42.8752      13.2530       6.0000    1.098    0.338   14   20   34
  621 2016 10 14 23:03:39.532   83019.5323   0.1873      42.8952      13.2530       2.0000    1.507    0.311   30   17   47
  622 2016 10 14 23:04:17.577   83057.5774   0.2109      42.8484      13.2511      12.0000    0.942    0.201    7   20   27
  623 2016 10 14 23:05:21.109   83121.1085   0.2134      42.6767      13.3047      10.0000    0.789    0.624   14   15   29
  624 2016 10 14 23:08:25.021   83305.0208   0.2888      42.7460      13.1873       2.0000    1.114    0.787   23   17   40
  625 2016 10 14 23:11:00.309   83460.3092   0.2630      42.8952      13.2530       2.0000    1.049    0.276    4   17   21
  626 2016 10 14 23:25:17.393   84317.3929   0.3096      42.8790      13.2505       2.0000    0.819    0.430    8   11   19
  627 2016 10 14 23:27:19.864   84439.8645   0.2675      42.8752      13.2530       6.0000    1.408    0.338   26   18   44
  628 2016 10 14 23:30:26.131   84626.1308   0.2506      42.7420      13.1712       2.0000    0.963    0.287   10   17   27
  629 2016 10 14 23:34:08.419   84848.4186   0.2155      42.5813      13.2944       6.0000    0.798    0.392   17    7   24
  630 2016 10 14 23:34:29.243   84869.2431   0.2302      42.6581      13.2148      12.0000    0.780    0.593    6   13   19
  631 2016 10 14 23:35:17.327   84917.3274   0.2172      42.8732      13.0815       2.0000    1.651    0.418   30   13   43
  632 2016 10 14 23:39:04.603   85144.6031   0.2921      42.8390      13.2105       0.0000    1.080    0.243    7   19   26
  633 2016 10 14 23:40:51.364   85251.3642   0.2729      42.8760      13.0768       2.0000    1.163    0.315   15   24   39
  634 2016 10 14 23:43:21.050   85401.0499   0.2284      42.5768      13.2997       4.0000    0.733    0.556    8    9   17
  635 2016 10 14 23:52:36.286   85956.2863   0.2815      42.8560      13.0768       4.0000    0.950    0.307    9   20   29
  636 2016 10 14 23:55:35.716   86135.7163   0.2633      42.8732      13.0815       2.0000    0.986    0.287    6   13   19
  637 2016 10 14 23:56:03.544   86163.5445   0.2550      42.6581      13.2348      12.0000    0.710    0.505    7   22   29
  638 2016 10 14 23:56:30.971   86190.9707   0.1851      42.8196      13.2696       4.0000    1.430    0.294   34    0   34
