    1 2016 10 14 00:00:08.280       8.2797   0.1074      42.8190      13.2305      10.0000 -100.000 -100.000   60   60  120
    2 2016 10 14 00:04:52.235     292.2348   0.0750      42.8952      13.2330       8.0000 -100.000 -100.000   60   60  120
    3 2016 10 14 00:12:09.378     729.3784   0.0496      42.7420      13.1912      10.0000 -100.000 -100.000   60   60  120
    4 2016 10 14 00:17:09.566    1029.5655   0.1682      42.8590      13.1505       8.0000 -100.000 -100.000   60   60  120
    5 2016 10 14 00:28:24.405    1704.4054   0.1228      42.7420      13.1912      10.0000 -100.000 -100.000   60   60  120
    6 2016 10 14 00:46:24.870    2784.8701   0.1095      42.9221      13.1417      12.0000 -100.000 -100.000   60   60  120
    7 2016 10 14 00:48:55.752    2935.7519   0.1356      42.8621      13.1417       4.0000 -100.000 -100.000   60   60  120
    8 2016 10 14 01:02:18.539    3738.5391   0.1727      42.8752      13.2330       8.0000 -100.000 -100.000   58   60  118
    9 2016 10 14 01:15:37.857    4537.8568   0.0965      42.9152      13.2530      10.0000 -100.000 -100.000   60   60  120
   10 2016 10 14 01:19:17.215    4757.2150   0.0628      42.8790      13.1905       8.0000 -100.000 -100.000   60   60  120
   11 2016 10 14 01:20:40.507    4840.5075   0.0809      42.8190      13.1905      12.0000 -100.000 -100.000   60   60  120
   12 2016 10 14 01:31:40.150    5500.1498   0.1282      42.8396      13.2496       8.0000 -100.000 -100.000   60   60  120
   13 2016 10 14 01:46:32.226    6392.2264   0.1390      42.8952      13.2330       8.0000 -100.000 -100.000   60   60  120
   14 2016 10 14 02:01:16.028    7276.0282   0.0767      42.6525      13.0977      10.0000 -100.000 -100.000   60   60  120
   15 2016 10 14 02:04:23.861    7463.8609   0.1100      42.8952      13.2330       8.0000 -100.000 -100.000   60   60  120
   16 2016 10 14 02:19:35.334    8375.3343   0.1852      42.7220      13.1912       8.0000 -100.000 -100.000   60   60  120
   17 2016 10 14 02:54:23.355   10463.3551   0.1450      42.7420      13.1912       8.0000 -100.000 -100.000   60   60  120
   18 2016 10 14 03:02:26.304   10946.3044   0.0835      42.8821      13.1417      10.0000 -100.000 -100.000   60   60  120
   19 2016 10 14 03:06:42.178   11202.1776   0.1166      42.8360      13.1568      10.0000 -100.000 -100.000   60   60  120
   20 2016 10 14 03:18:52.328   11932.3283   0.1135      42.8590      13.2305       8.0000 -100.000 -100.000   60   60  120
   21 2016 10 14 03:36:04.104   12964.1037   0.1018      42.8396      13.2696       8.0000 -100.000 -100.000   60   60  120
   22 2016 10 14 04:03:29.993   14609.9930   0.1115      42.8952      13.2330       8.0000 -100.000 -100.000   60   60  120
   23 2016 10 14 04:09:20.193   14960.1932   0.1073      42.6330      13.3378      12.0000 -100.000 -100.000   60   60  120
   24 2016 10 14 04:17:28.018   15448.0181   0.1497      42.8590      13.2305       8.0000 -100.000 -100.000   60   60  120
   25 2016 10 14 04:28:27.180   16107.1800   0.1169      42.6330      13.3378      12.0000 -100.000 -100.000   60   60  120
   26 2016 10 14 04:50:01.419   17401.4187   0.1672      42.7220      13.1712      10.0000 -100.000 -100.000   60   60  120
   27 2016 10 14 04:51:45.710   17505.7099   0.2043      42.7796      13.1637      10.0000 -100.000 -100.000   60   60  120
   28 2016 10 14 05:21:18.856   19278.8561   0.1525      42.6330      13.3378      10.0000 -100.000 -100.000   60   60  120
   29 2016 10 14 05:22:53.076   19373.0763   0.1099      42.8760      13.0768       8.0000 -100.000 -100.000   60   60  120
   30 2016 10 14 05:27:24.522   19644.5219   0.1490      42.7796      13.1437      10.0000 -100.000 -100.000   60   60  120
   31 2016 10 14 05:50:48.085   21048.0853   0.0602      42.7420      13.2312      12.0000 -100.000 -100.000   60   60  120
   32 2016 10 14 06:02:03.584   21723.5844   0.1002      42.7420      13.1912      10.0000 -100.000 -100.000   60   60  120
   33 2016 10 14 06:09:56.311   22196.3106   0.0880      42.7620      13.2312      14.0000 -100.000 -100.000   60   60  120
   34 2016 10 14 06:19:58.546   22798.5458   0.1245      42.7996      13.1637      10.0000 -100.000 -100.000   60   60  120
   35 2016 10 14 06:23:51.450   23031.4498   0.0609      42.7420      13.1712      12.0000 -100.000 -100.000   60   60  120
   36 2016 10 14 06:32:52.082   23572.0824   0.1628      42.6330      13.3378      12.0000 -100.000 -100.000   60   60  120
   37 2016 10 14 06:40:17.168   24017.1682   0.1106      42.9352      13.2530      10.0000 -100.000 -100.000   60   60  120
   38 2016 10 14 06:43:44.450   24224.4497   0.1517      42.7420      13.1912      10.0000 -100.000 -100.000   60   60  120
   39 2016 10 14 06:55:20.541   24920.5411   0.1276      42.9621      13.1617      10.0000 -100.000 -100.000   60   49  109
   40 2016 10 14 06:55:29.442   24929.4421   0.1025      42.6398      13.3533      10.0000 -100.000 -100.000   41   51   92
   41 2016 10 14 06:55:54.982   24954.9824   0.1485      42.8952      13.2330       8.0000 -100.000 -100.000   60   60  120
   42 2016 10 14 07:02:13.649   25333.6487   0.1365      42.6330      13.3378      12.0000 -100.000 -100.000   60   60  120
   43 2016 10 14 07:05:34.241   25534.2414   0.0609      42.8190      13.2105       8.0000 -100.000 -100.000   60   60  120
   44 2016 10 14 07:18:35.401   26315.4014   0.1324      42.8952      13.2330       8.0000 -100.000 -100.000   60   60  120
   45 2016 10 14 07:42:59.752   27779.7518   0.1803      42.8196      13.1637       6.0000 -100.000 -100.000   60   60  120
   46 2016 10 14 08:01:53.762   28913.7621   0.1872      42.7620      13.1712      10.0000 -100.000 -100.000   60   60  120
   47 2016 10 14 08:06:28.217   29188.2166   0.0556      42.8560      13.0768      10.0000 -100.000 -100.000   60   60  120
   48 2016 10 14 08:07:36.753   29256.7530   0.1868      42.7820      13.2512      10.0000 -100.000 -100.000   60   60  120
   49 2016 10 14 08:08:28.679   29308.6794   0.0809      42.6581      13.2148      12.0000 -100.000 -100.000   60   60  120
   50 2016 10 14 08:11:40.534   29500.5342   0.2088      42.8190      13.2105      10.0000 -100.000 -100.000   58   60  118
   51 2016 10 14 08:23:12.381   30192.3814   0.0989      42.6530      13.3378      10.0000 -100.000 -100.000   60   60  120
   52 2016 10 14 08:29:25.007   30565.0074   0.0667      42.6398      13.2333      12.0000 -100.000 -100.000   60   60  120
   53 2016 10 14 08:33:50.831   30830.8314   0.1313      42.7596      13.1437      10.0000 -100.000 -100.000   60   60  120
   54 2016 10 14 08:45:48.069   31548.0689   0.1262      42.8732      13.0615      10.0000 -100.000 -100.000   60   60  120
   55 2016 10 14 08:56:10.212   32170.2123   0.1216      42.8590      13.0698       8.0000 -100.000 -100.000   60   60  120
   56 2016 10 14 08:58:52.290   32332.2896   0.0655      42.8647      13.0723       6.0000 -100.000 -100.000   60   60  120
   57 2016 10 14 09:01:21.519   32481.5191   0.1932      42.7996      13.1437       6.0000 -100.000 -100.000   60   60  120
   58 2016 10 14 09:03:32.913   32612.9128   0.0985      42.6330      13.3178      10.0000 -100.000 -100.000   60   60  120
   59 2016 10 14 09:21:51.707   33711.7071   0.1280      42.4614      13.0567      12.0000 -100.000 -100.000   60   60  120
   60 2016 10 14 09:23:56.984   33836.9840   0.0952      42.4614      13.0567      12.0000 -100.000 -100.000   60   60  120
   61 2016 10 14 09:27:33.440   34053.4399   0.1680      42.8160      13.1368       8.0000 -100.000 -100.000   60   60  120
   62 2016 10 14 09:28:54.422   34134.4216   0.1699      42.5568      13.2797      10.0000 -100.000 -100.000   60   60  120
   63 2016 10 14 09:39:51.675   34791.6751   0.1073      42.8952      13.2530      10.0000 -100.000 -100.000   60   60  120
   64 2016 10 14 09:41:55.199   34915.1987   0.1512      42.8390      13.2105       8.0000 -100.000 -100.000   60   60  120
   65 2016 10 14 09:48:29.216   35309.2156   0.1773      42.9018      13.2493       8.0000 -100.000 -100.000   60   60  120
   66 2016 10 14 10:05:14.600   36314.6003   0.1765      42.8590      13.2305      10.0000 -100.000 -100.000   60   60  120
   67 2016 10 14 10:24:21.660   37461.6601   0.0815      42.8952      13.2530      10.0000 -100.000 -100.000   60   60  120
   68 2016 10 14 10:26:01.957   37561.9569   0.0699      42.8732      13.0615      10.0000 -100.000 -100.000   60   60  120
   69 2016 10 14 10:36:06.058   38166.0584   0.1609      42.8396      13.2496       8.0000 -100.000 -100.000   60   60  120
   70 2016 10 14 10:38:49.851   38329.8506   0.1689      42.8590      13.1705       6.0000 -100.000 -100.000   60   60  120
   71 2016 10 14 10:56:50.171   39410.1705   0.1245      42.8190      13.1705      10.0000 -100.000 -100.000   60   60  120
   72 2016 10 14 10:59:08.609   39548.6087   0.2028      42.7996      13.1837       8.0000 -100.000 -100.000   60   60  120
   73 2016 10 14 11:03:22.552   39802.5516   0.1794      42.8190      13.1905       8.0000 -100.000 -100.000   60   60  120
   74 2016 10 14 11:32:22.940   41542.9397   0.2138      42.8790      13.1505       6.0000 -100.000 -100.000   60   60  120
   75 2016 10 14 11:43:24.832   42204.8322   0.1305      42.7796      13.1237      10.0000 -100.000 -100.000   60   60  120
   76 2016 10 14 11:52:05.299   42725.2987   0.0541      42.8952      13.2530      10.0000 -100.000 -100.000   60   60  120
   77 2016 10 14 12:01:15.709   43275.7087   0.0617      42.8160      13.1368      12.0000 -100.000 -100.000   60   60  120
   78 2016 10 14 12:19:58.223   44398.2228   0.0706      42.8590      13.2505       8.0000 -100.000 -100.000   60   60  120
   79 2016 10 14 12:26:18.221   44778.2210   0.1006      42.8390      13.1705       6.0000 -100.000 -100.000   60   60  120
   80 2016 10 14 12:40:12.466   45612.4658   0.0937      42.8732      13.0615       8.0000 -100.000 -100.000   60   60  120
   81 2016 10 14 12:42:39.120   45759.1196   0.0372      42.7820      13.2112      10.0000 -100.000 -100.000   60   60  120
   82 2016 10 14 12:44:30.461   45870.4615   0.1956      42.7060      13.2473      12.0000 -100.000 -100.000   60   60  120
   83 2016 10 14 12:48:34.434   46114.4339   0.0715      42.8732      13.0615      10.0000 -100.000 -100.000   60   60  120
   84 2016 10 14 12:54:38.968   46478.9682   0.1183      42.6330      13.3378      12.0000 -100.000 -100.000   60   60  120
   85 2016 10 14 13:04:39.180   47079.1796   0.1895      42.9152      13.2530       4.0000 -100.000 -100.000   60   58  118
   86 2016 10 14 13:12:32.896   47552.8959   0.1487      42.7820      13.1912      10.0000 -100.000 -100.000   60   60  120
   87 2016 10 14 13:18:34.096   47914.0960   0.0890      42.8732      13.0615       6.0000 -100.000 -100.000   60   60  120
   88 2016 10 14 13:36:19.046   48979.0463   0.0628      42.8196      13.2896       8.0000 -100.000 -100.000   60   60  120
   89 2016 10 14 13:56:53.163   50213.1627   0.2187      42.7420      13.1712      10.0000 -100.000 -100.000   60   60  120
   90 2016 10 14 14:04:26.856   50666.8564   0.1309      42.8020      13.2112       4.0000 -100.000 -100.000   60   60  120
   91 2016 10 14 14:28:36.899   52116.8994   0.1141      42.8560      13.0768       4.0000 -100.000 -100.000   60   60  120
   92 2016 10 14 14:58:36.658   53916.6577   0.1822      42.7457      13.2696      10.0000 -100.000 -100.000   60   60  120
   93 2016 10 14 15:05:45.986   54345.9861   0.1294      42.9152      13.1730       8.0000 -100.000 -100.000   60   60  120
   94 2016 10 14 15:06:17.460   54377.4604   0.0736      42.6530      13.3378      12.0000 -100.000 -100.000   60   60  120
   95 2016 10 14 15:10:36.643   54636.6425   0.1946      42.8390      13.1505      10.0000 -100.000 -100.000   60   60  120
   96 2016 10 14 15:21:20.244   55280.2436   0.1889      42.7620      13.1912      10.0000 -100.000 -100.000   60   60  120
   97 2016 10 14 15:21:49.514   55309.5143   0.1041      42.8190      13.1705       8.0000 -100.000 -100.000   60   60  120
   98 2016 10 14 15:24:47.452   55487.4523   0.1260      42.8760      13.0768       8.0000 -100.000 -100.000   60   60  120
   99 2016 10 14 15:34:39.668   56079.6681   0.1924      42.7596      13.1437       8.0000 -100.000 -100.000   60   60  120
  100 2016 10 14 15:37:47.930   56267.9299   0.1329      42.8732      13.0615      10.0000 -100.000 -100.000   60   60  120
  101 2016 10 14 15:42:09.294   56529.2938   0.0570      42.7420      13.1912      10.0000 -100.000 -100.000   60   60  120
  102 2016 10 14 15:51:17.363   57077.3631   0.2051      42.8160      13.1368      10.0000 -100.000 -100.000   60   60  120
  103 2016 10 14 15:59:28.953   57568.9529   0.0936      42.7420      13.1912      10.0000 -100.000 -100.000   60   60  120
  104 2016 10 14 16:03:33.773   57813.7731   0.0947      42.8190      13.1705       8.0000 -100.000 -100.000   60   60  120
  105 2016 10 14 16:04:15.286   57855.2857   0.1589      42.7820      13.1912      10.0000 -100.000 -100.000   60   60  120
  106 2016 10 14 16:04:31.561   57871.5606   0.1350      42.8732      13.0615      10.0000 -100.000 -100.000   60   60  120
  107 2016 10 14 16:13:38.293   58418.2931   0.0764      42.8732      13.0815       8.0000 -100.000 -100.000   60   60  120
  108 2016 10 14 16:34:39.105   59679.1055   0.0595      42.7596      13.1437      12.0000 -100.000 -100.000   60   60  120
  109 2016 10 14 16:48:52.402   60532.4020   0.1622      42.8020      13.2312       6.0000 -100.000 -100.000   60   60  120
  110 2016 10 14 16:54:43.098   60883.0979   0.1607      42.8190      13.2105       8.0000 -100.000 -100.000   60   60  120
  111 2016 10 14 17:17:05.397   62225.3969   0.0669      42.7420      13.1912      10.0000 -100.000 -100.000   60   60  120
  112 2016 10 14 17:22:16.512   62536.5116   0.1501      42.8560      13.0768      10.0000 -100.000 -100.000   60   60  120
  113 2016 10 14 17:29:51.468   62991.4676   0.1286      42.8590      13.2105       6.0000 -100.000 -100.000   60   60  120
  114 2016 10 14 17:48:49.102   64129.1016   0.0937      42.8590      13.2305       8.0000 -100.000 -100.000   60   60  120
  115 2016 10 14 17:50:16.090   64216.0896   0.1015      42.8590      13.2305       8.0000 -100.000 -100.000   60   60  120
  116 2016 10 14 18:03:18.765   64998.7654   0.0736      42.6398      13.2333      14.0000 -100.000 -100.000   60   60  120
  117 2016 10 14 18:31:19.313   66679.3130   0.0592      42.8647      13.0723       8.0000 -100.000 -100.000   60   60  120
  118 2016 10 14 18:37:41.546   67061.5457   0.1250      42.6330      13.3378      12.0000 -100.000 -100.000   60   60  120
  119 2016 10 14 18:42:56.829   67376.8293   0.1527      42.8590      13.2505       8.0000 -100.000 -100.000   60   60  120
  120 2016 10 14 18:44:45.712   67485.7117   0.0689      42.8560      13.0768       8.0000 -100.000 -100.000   60   60  120
  121 2016 10 14 18:49:18.346   67758.3464   0.0687      42.9821      13.1417      10.0000 -100.000 -100.000   60   60  120
  122 2016 10 14 18:58:43.508   68323.5079   0.1748      42.8790      13.2305      10.0000 -100.000 -100.000   60   60  120
  123 2016 10 14 19:15:36.875   69336.8755   0.0838      42.5715      13.2970      10.0000 -100.000 -100.000   60   60  120
  124 2016 10 14 19:22:42.831   69762.8313   0.1009      42.5813      13.3344       6.0000 -100.000 -100.000   60   60  120
  125 2016 10 14 19:26:39.102   69999.1025   0.0672      42.7996      13.1837      14.0000 -100.000 -100.000   60   60  120
  126 2016 10 14 19:33:34.540   70414.5404   0.0606      42.6585      13.2992      14.0000 -100.000 -100.000   60   60  120
  127 2016 10 14 19:50:12.328   71412.3276   0.1937      42.8790      13.2305      10.0000 -100.000 -100.000   58   60  118
  128 2016 10 14 19:53:44.398   71624.3976   0.0686      42.8560      13.1168      10.0000 -100.000 -100.000   60   60  120
  129 2016 10 14 19:58:46.260   71926.2599   0.1108      42.7996      13.1237      10.0000 -100.000 -100.000   60   60  120
  130 2016 10 14 20:06:52.256   72412.2564   0.0677      42.8647      13.0723       8.0000 -100.000 -100.000   60   60  120
  131 2016 10 14 20:12:34.371   72754.3713   0.0826      42.9152      13.2530       8.0000 -100.000 -100.000   60   60  120
  132 2016 10 14 20:14:47.447   72887.4472   0.1743      42.8390      13.1705      10.0000 -100.000 -100.000   60   60  120
  133 2016 10 14 20:42:08.887   74528.8866   0.0871      42.8732      13.0615       8.0000 -100.000 -100.000   60   60  120
  134 2016 10 14 21:01:00.314   75660.3139   0.1713      42.7596      13.1437       8.0000 -100.000 -100.000   60   60  120
  135 2016 10 14 21:05:33.749   75933.7489   0.0939      42.6167      13.2647      12.0000 -100.000 -100.000   60   60  120
  136 2016 10 14 21:33:22.729   77602.7287   0.1182      42.7620      13.1912      10.0000 -100.000 -100.000   60   60  120
  137 2016 10 14 21:39:10.050   77950.0500   0.1704      42.6330      13.3378      12.0000 -100.000 -100.000   60   60  120
  138 2016 10 14 21:42:32.154   78152.1536   0.1139      42.8590      13.2505       8.0000 -100.000 -100.000   60   60  120
  139 2016 10 14 21:45:47.045   78347.0451   0.1587      42.7620      13.1912      10.0000 -100.000 -100.000   60   60  120
  140 2016 10 14 21:48:51.558   78531.5577   0.1014      42.8732      13.0615      10.0000 -100.000 -100.000   60   60  120
  141 2016 10 14 21:52:48.558   78768.5576   0.0865      42.8732      13.0415      10.0000 -100.000 -100.000   60   60  120
  142 2016 10 14 22:02:38.130   79358.1299   0.0375      42.8020      13.2312      12.0000 -100.000 -100.000   60   60  120
  143 2016 10 14 22:12:47.346   79967.3457   0.1959      42.7596      13.1437      12.0000 -100.000 -100.000   60   60  120
  144 2016 10 14 22:24:42.116   80682.1159   0.2135      42.7420      13.1912      10.0000 -100.000 -100.000   60   60  120
  145 2016 10 14 22:31:44.726   81104.7258   0.1664      42.8196      13.1637       8.0000 -100.000 -100.000   60   60  120
  146 2016 10 14 22:33:33.130   81213.1300   0.1810      42.7420      13.1912      14.0000 -100.000 -100.000   60   60  120
  147 2016 10 14 22:42:25.325   81745.3251   0.0797      42.8732      13.0615       8.0000 -100.000 -100.000   60   60  120
  148 2016 10 14 23:08:24.279   83304.2788   0.0922      42.7620      13.1912      10.0000 -100.000 -100.000   60   60  120
  149 2016 10 14 23:27:18.941   84438.9407   0.1651      42.8790      13.2505      10.0000 -100.000 -100.000   60   60  120
  150 2016 10 14 23:35:16.726   84916.7259   0.0737      42.8732      13.0615       8.0000 -100.000 -100.000   60   60  120
  151 2016 10 14 23:56:30.182   86190.1819   0.0854      42.8196      13.2696      10.0000 -100.000 -100.000   60   60  120
